Trading_Code,Date,Open,High,Low,Close,Volume
NCCBLMF1,2025-04-08,5.6,5.9,5.6,5.7,401352.0
NCCBLMF1,2025-04-07,5.7,5.9,5.5,5.6,202764.0
NCCBLMF1,2025-04-06,5.2,5.7,5.2,5.7,418367.0
NCCBLMF1,2025-03-27,5.1,5.3,5.0,5.2,209536.0
NCCBLMF1,2025-03-25,5.1,5.1,5.0,5.0,140526.0
NCCBLMF1,2025-03-24,5.2,5.2,5.1,5.1,64730.0
NCCBLMF1,2025-03-23,5.2,5.4,5.1,5.1,199243.0
NCCBLMF1,2025-03-20,5.4,5.4,5.2,5.3,65960.0
NCCBLMF1,2025-03-19,5.1,5.4,5.1,5.4,199907.0
NCCBLMF1,2025-03-18,5.0,5.2,5.0,5.1,104428.0
NCCBLMF1,2025-03-17,4.9,5.1,4.9,5.0,29210.0
NCCBLMF1,2025-03-16,5.0,5.1,5.0,5.0,67609.0
NCCBLMF1,2025-03-13,5.0,5.1,5.0,5.0,26037.0
NCCBLMF1,2025-03-12,5.0,5.1,5.0,5.0,10564.0
NCCBLMF1,2025-03-11,5.0,5.0,4.9,5.0,11025.0
NCCBLMF1,2025-03-10,5.0,5.0,4.9,4.9,18203.0
NCCBLMF1,2025-03-09,4.9,5.0,4.9,4.9,15453.0
NCCBLMF1,2025-03-06,5.1,5.1,4.9,5.0,46192.0
NCCBLMF1,2025-03-05,5.1,5.1,5.0,5.0,25906.0
NCCBLMF1,2025-03-04,5.1,5.1,5.0,5.0,16955.0
NCCBLMF1,2025-03-03,5.1,5.1,5.0,5.1,6501.0
NCCBLMF1,2025-03-02,5.1,5.2,5.0,5.1,10030.0
NCCBLMF1,2025-02-27,5.0,5.2,5.0,5.0,91210.0
NCCBLMF1,2025-02-26,5.1,5.2,5.1,5.1,17802.0
NCCBLMF1,2025-02-25,5.1,5.1,5.0,5.0,3000.0
NCCBLMF1,2025-02-24,5.1,5.2,5.1,5.1,32902.0
NCCBLMF1,2025-02-23,4.9,5.1,4.9,5.1,34364.0
NCCBLMF1,2025-02-20,4.9,5.0,4.8,4.9,70222.0
NCCBLMF1,2025-02-19,5.1,5.1,4.9,5.0,90672.0
NCCBLMF1,2025-02-18,5.0,5.1,5.0,5.1,31698.0
NCCBLMF1,2025-02-17,5.0,5.1,5.0,5.1,12935.0
NCCBLMF1,2025-02-16,5.0,5.1,5.0,5.1,12178.0
NCCBLMF1,2025-02-13,5.2,5.2,5.0,5.0,44997.0
NCCBLMF1,2025-02-12,5.0,5.3,4.9,5.3,166131.0
NCCBLMF1,2025-02-11,5.0,5.0,4.9,5.0,22700.0
NCCBLMF1,2025-02-10,4.9,5.0,4.9,5.0,34961.0
NCCBLMF1,2025-02-09,5.0,5.0,5.0,5.0,1993.0
NCCBLMF1,2025-02-06,5.0,5.1,4.9,5.0,41101.0
NCCBLMF1,2025-02-05,4.9,4.9,4.9,4.9,60900.0
NCCBLMF1,2025-02-04,4.9,5.0,4.9,4.9,51800.0
NCCBLMF1,2025-02-03,5.1,5.1,5.0,5.0,506.0
NCCBLMF1,2025-02-02,5.0,5.1,5.0,5.0,30800.0
NCCBLMF1,2025-01-30,4.9,4.9,4.9,4.9,8000.0
NCCBLMF1,2025-01-29,4.9,4.9,4.9,4.9,7500.0
NCCBLMF1,2025-01-28,4.9,5.0,4.9,4.9,4302.0
NCCBLMF1,2025-01-27,4.9,4.9,4.7,4.9,25732.0
NCCBLMF1,2025-01-26,4.8,5.0,4.8,4.9,44981.0
NCCBLMF1,2025-01-23,4.9,5.0,4.9,5.0,54100.0
NCCBLMF1,2025-01-22,5.0,5.0,4.9,5.0,24000.0
NCCBLMF1,2025-01-21,5.1,5.1,4.9,5.0,7529.0
NCCBLMF1,2025-01-20,5.0,5.1,4.9,5.0,20001.0
NCCBLMF1,2025-01-19,5.1,5.1,4.9,5.0,43901.0
NCCBLMF1,2025-01-16,5.1,5.1,5.0,5.1,5350.0
NCCBLMF1,2025-01-15,5.1,5.1,5.1,5.1,5500.0
NCCBLMF1,2025-01-14,5.1,5.1,5.1,5.1,1260.0
NCCBLMF1,2025-01-13,5.2,5.2,5.0,5.1,5860.0
NCCBLMF1,2025-01-12,5.1,5.2,5.1,5.1,12750.0
NCCBLMF1,2025-01-09,5.2,5.2,5.2,5.2,5.0
NCCBLMF1,2025-01-08,5.2,5.2,5.2,5.2,709.0
NCCBLMF1,2025-01-07,5.2,5.2,5.1,5.1,3101.0
NCCBLMF1,2025-01-06,5.2,5.2,5.0,5.1,41260.0
NCCBLMF1,2025-01-05,5.1,5.2,5.0,5.1,44296.0
NCCBLMF1,2025-01-02,5.2,5.2,5.2,5.2,25035.0
NCCBLMF1,2025-01-01,5.2,5.2,5.2,5.2,83.0
NCCBLMF1,2024-12-30,5.1,5.3,5.1,5.2,6111.0
NCCBLMF1,2024-12-29,5.3,5.3,5.3,5.3,206.0
NCCBLMF1,2024-12-26,5.2,5.2,5.2,5.2,11650.0
NCCBLMF1,2024-12-24,5.2,5.2,5.1,5.2,28000.0
NCCBLMF1,2024-12-23,5.2,5.2,5.2,5.2,12737.0
NCCBLMF1,2024-12-22,5.2,5.3,5.2,5.2,65592.0
NCCBLMF1,2024-12-19,5.3,5.3,5.2,5.2,32578.0
NCCBLMF1,2024-12-18,5.5,5.5,5.2,5.3,34707.0
NCCBLMF1,2024-12-17,5.2,5.4,5.2,5.3,23929.0
NCCBLMF1,2024-12-15,5.4,5.4,5.3,5.3,20654.0
NCCBLMF1,2024-12-12,5.3,5.3,5.2,5.2,16614.0
NCCBLMF1,2024-12-11,5.3,5.4,5.2,5.2,16288.0
NCCBLMF1,2024-12-10,5.4,5.4,5.2,5.3,15722.0
NCCBLMF1,2024-12-09,5.5,5.5,5.2,5.3,42508.0
NCCBLMF1,2024-12-08,5.4,5.4,5.2,5.3,75913.0
NCCBLMF1,2024-12-05,5.5,5.5,5.3,5.4,26423.0
NCCBLMF1,2024-12-04,5.2,5.6,5.2,5.5,230331.0
NCCBLMF1,2024-12-03,5.2,5.3,5.2,5.2,24557.0
NCCBLMF1,2024-12-02,5.2,5.3,5.2,5.2,62717.0
NCCBLMF1,2024-12-01,5.2,5.3,5.1,5.2,20267.0
NCCBLMF1,2024-11-28,5.5,5.5,5.2,5.3,83840.0
NCCBLMF1,2024-11-27,5.2,5.3,5.2,5.3,40871.0
NCCBLMF1,2024-11-26,5.2,5.2,5.1,5.1,30428.0
NCCBLMF1,2024-11-25,5.2,5.3,5.1,5.1,12192.0
NCCBLMF1,2024-11-24,5.2,5.3,5.1,5.2,12010.0
NCCBLMF1,2024-11-21,5.5,5.5,5.1,5.1,20073.0
NCCBLMF1,2024-11-20,5.2,5.2,5.1,5.1,9314.0
NCCBLMF1,2024-11-19,5.3,5.3,5.1,5.1,40136.0
NCCBLMF1,2024-11-18,5.3,5.3,5.2,5.2,22842.0
NCCBLMF1,2024-11-17,5.5,5.5,5.0,5.1,153607.0
NCCBLMF1,2024-11-14,5.5,5.5,5.2,5.4,2086.0
NCCBLMF1,2024-11-13,5.3,5.6,5.0,5.0,90692.0
NCCBLMF1,2024-11-12,5.7,5.7,5.3,5.3,48386.0
NCCBLMF1,2024-11-11,5.7,5.7,5.3,5.4,30424.0
NCCBLMF1,2024-11-10,5.7,5.7,5.3,5.3,19162.0
NCCBLMF1,2024-11-07,5.7,5.7,5.5,5.5,18401.0
NCCBLMF1,2024-11-06,5.6,5.7,5.5,5.6,47200.0
NCCBLMF1,2024-11-05,5.7,5.7,5.4,5.5,60207.0
NCCBLMF1,2024-11-04,5.6,5.7,5.2,5.4,126472.0
NCCBLMF1,2024-11-03,5.9,5.9,5.6,5.7,79218.0
NCCBLMF1,2024-10-31,5.7,5.7,5.4,5.5,138795.0
NCCBLMF1,2024-10-30,5.5,5.5,5.1,5.2,28631.0
NCCBLMF1,2024-10-29,5.1,5.1,5.0,5.1,6010.0
NCCBLMF1,2024-10-28,5.1,5.1,5.0,5.1,6.0
NCCBLMF1,2024-10-27,5.2,5.2,4.7,4.9,9792.0
NCCBLMF1,2024-10-24,5.2,5.2,4.9,5.0,6517.0
NCCBLMF1,2024-10-23,5.2,5.2,4.9,5.1,17744.0
NCCBLMF1,2024-10-22,5.2,5.2,5.0,5.1,260.0
NCCBLMF1,2024-10-21,5.2,5.2,4.6,5.1,29631.0
NCCBLMF1,2024-10-20,5.4,5.4,4.9,4.9,10006.0
NCCBLMF1,2024-10-17,5.2,5.2,5.2,5.2,10.0
NCCBLMF1,2024-10-16,5.3,5.3,4.9,5.0,6634.0
NCCBLMF1,2024-10-15,5.3,5.3,5.0,5.1,7505.0
NCCBLMF1,2024-10-14,5.3,5.3,5.3,5.3,200.0
NCCBLMF1,2024-10-09,5.2,5.4,5.1,5.1,36920.0
NCCBLMF1,2024-10-08,5.3,5.6,5.1,5.2,16011.0
NCCBLMF1,2024-10-07,5.8,5.8,5.1,5.2,705.0
NCCBLMF1,2024-10-06,5.7,5.7,5.3,5.3,2516.0
NCCBLMF1,2024-10-03,5.6,5.6,5.1,5.3,9647.0
NCCBLMF1,2024-10-02,5.4,5.4,5.2,5.3,10844.0
NCCBLMF1,2024-10-01,5.7,5.7,5.3,5.5,34990.0
NCCBLMF1,2024-09-30,5.8,5.8,5.2,5.4,28770.0
NCCBLMF1,2024-09-29,5.8,5.8,5.7,5.7,208.0
NCCBLMF1,2024-09-26,6.0,6.0,5.4,5.4,10306.0
NCCBLMF1,2024-09-25,5.7,5.7,5.4,5.6,16406.0
NCCBLMF1,2024-09-24,5.3,5.8,5.3,5.8,30692.0
NCCBLMF1,2024-09-23,5.7,5.8,5.6,5.7,10107.0
NCCBLMF1,2024-09-22,5.8,5.8,5.6,5.7,312.0
NCCBLMF1,2024-09-19,5.7,5.8,5.7,5.8,2424.0
NCCBLMF1,2024-09-18,6.0,6.0,5.6,5.7,5423.0
NCCBLMF1,2024-09-17,6.0,6.0,5.6,5.7,41262.0
NCCBLMF1,2024-09-15,5.7,5.9,5.7,5.7,11101.0
NCCBLMF1,2024-09-12,5.8,5.8,5.7,5.8,5048.0
NCCBLMF1,2024-09-11,5.9,5.9,5.8,5.8,22700.0
NCCBLMF1,2024-09-10,6.0,6.0,5.8,5.9,78526.0
NCCBLMF1,2024-09-09,6.0,6.0,5.6,5.7,8066.0
NCCBLMF1,2024-09-08,6.1,6.1,5.8,5.8,39201.0
NCCBLMF1,2024-09-05,5.8,5.8,5.8,5.8,3912.0
NCCBLMF1,2024-09-04,6.1,6.1,5.8,5.8,52683.0
NCCBLMF1,2024-09-03,6.0,6.0,5.8,5.8,13976.0
NCCBLMF1,2024-09-02,6.0,6.0,5.8,5.9,200427.0
NCCBLMF1,2024-09-01,6.5,6.5,6.0,6.1,102355.0
NCCBLMF1,2024-08-29,6.1,6.1,5.9,6.0,17073.0
NCCBLMF1,2024-08-28,6.1,6.1,5.9,6.0,67598.0
NCCBLMF1,2024-08-27,5.9,6.0,5.8,5.9,42168.0
NCCBLMF1,2024-08-25,6.0,6.0,5.8,5.8,93539.0
NCCBLMF1,2024-08-22,5.7,6.0,5.6,5.9,18695.0
NCCBLMF1,2024-08-21,5.9,5.9,5.7,5.7,31011.0
NCCBLMF1,2024-08-20,5.7,5.9,5.7,5.8,32534.0
NCCBLMF1,2024-08-19,6.0,6.0,5.7,5.7,158664.0
NCCBLMF1,2024-08-18,5.8,6.0,5.8,5.8,48529.0
NCCBLMF1,2024-08-15,6.0,6.2,5.9,5.9,110690.0
NCCBLMF1,2024-08-14,6.2,6.2,5.9,6.0,60218.0
NCCBLMF1,2024-08-13,6.0,6.2,6.0,6.0,156427.0
NCCBLMF1,2024-08-12,6.2,6.8,6.1,6.1,398723.0
NCCBLMF1,2024-08-11,6.3,6.3,6.0,6.2,657402.0
NCCBLMF1,2024-08-08,5.5,5.8,5.4,5.8,170061.0
NCCBLMF1,2024-08-07,5.1,5.4,4.9,5.3,212891.0
NCCBLMF1,2024-08-06,5.0,5.0,4.8,5.0,38021.0
NCCBLMF1,2024-08-04,4.6,4.7,4.6,4.6,55431.0
NCCBLMF1,2024-08-01,4.8,4.8,4.6,4.7,19544.0
NCCBLMF1,2024-07-31,4.8,4.8,4.6,4.7,24308.0
NCCBLMF1,2024-07-30,4.8,4.8,4.7,4.7,47964.0
NCCBLMF1,2024-07-29,4.9,4.9,4.8,4.8,26978.0
NCCBLMF1,2024-07-28,5.0,5.0,4.8,4.9,1700.0
NCCBLMF1,2024-07-25,4.8,5.0,4.8,4.8,27360.0
NCCBLMF1,2024-07-24,4.9,4.9,4.9,4.9,35002.0
NCCBLMF1,2024-07-18,5.0,5.0,5.0,5.0,6850.0
NCCBLMF1,2024-07-16,5.1,5.1,4.9,5.0,29641.0
NCCBLMF1,2024-07-15,5.1,5.1,4.9,4.9,74165.0
NCCBLMF1,2024-07-14,5.1,5.1,5.0,5.0,61359.0
NCCBLMF1,2024-07-11,5.2,5.2,5.1,5.1,90276.0
NCCBLMF1,2024-07-10,5.2,5.5,5.2,5.2,301957.0
NCCBLMF1,2024-07-09,5.3,5.4,5.2,5.3,11606.0
NCCBLMF1,2024-07-08,5.3,5.3,5.2,5.2,352139.0
NCCBLMF1,2024-07-07,5.2,5.5,5.2,5.3,146081.0
NCCBLMF1,2024-07-04,5.1,5.2,5.1,5.2,37997.0
NCCBLMF1,2024-07-03,5.1,5.1,5.0,5.0,14746.0
NCCBLMF1,2024-07-02,4.9,5.1,4.9,5.0,2982.0
NCCBLMF1,2024-06-30,4.9,5.0,4.9,5.0,25245.0
NCCBLMF1,2024-06-27,5.0,5.1,4.9,4.9,16098.0
NCCBLMF1,2024-06-26,5.0,5.1,4.9,5.0,25660.0
NCCBLMF1,2024-06-25,4.9,5.0,4.8,4.9,35467.0
NCCBLMF1,2024-06-24,4.9,4.9,4.9,4.9,22800.0
NCCBLMF1,2024-06-23,5.1,5.1,4.9,5.0,2510.0
NCCBLMF1,2024-06-20,5.0,5.1,4.9,5.0,29677.0
NCCBLMF1,2024-06-19,4.9,5.1,4.9,4.9,13385.0
NCCBLMF1,2024-06-13,5.0,5.0,4.8,4.8,13914.0
NCCBLMF1,2024-06-12,4.8,5.0,4.8,4.9,19505.0
NCCBLMF1,2024-06-11,4.9,4.9,4.9,4.9,39431.0
NCCBLMF1,2024-06-10,5.1,5.1,5.0,5.0,39469.0
NCCBLMF1,2024-06-09,5.2,5.2,5.1,5.1,39660.0
NCCBLMF1,2024-06-06,5.2,5.2,5.2,5.2,28551.0
NCCBLMF1,2024-06-05,5.2,5.2,5.1,5.2,18506.0
NCCBLMF1,2024-06-04,5.2,5.3,5.2,5.2,25475.0
NCCBLMF1,2024-06-03,5.3,5.3,5.3,5.3,83049.0
NCCBLMF1,2024-06-02,5.4,5.5,5.4,5.4,43690.0
NCCBLMF1,2024-05-30,5.6,5.6,5.5,5.5,1900.0
NCCBLMF1,2024-05-29,5.5,5.8,5.3,5.4,144421.0
NCCBLMF1,2024-05-28,5.4,5.5,5.3,5.4,32489.0
NCCBLMF1,2024-05-27,5.5,5.5,5.1,5.2,60115.0
NCCBLMF1,2024-05-26,5.3,5.3,5.2,5.2,37160.0
NCCBLMF1,2024-05-23,5.4,5.5,5.3,5.3,79317.0
NCCBLMF1,2024-05-21,5.5,5.5,5.4,5.4,23509.0
NCCBLMF1,2024-05-20,5.5,5.5,5.5,5.5,100.0
NCCBLMF1,2024-05-19,5.6,5.6,5.5,5.6,52236.0
NCCBLMF1,2024-05-16,5.4,5.7,5.4,5.6,67514.0
NCCBLMF1,2024-05-15,5.5,5.5,5.3,5.4,22459.0
NCCBLMF1,2024-05-14,5.4,5.5,5.4,5.4,21420.0
NCCBLMF1,2024-05-13,5.5,5.6,5.4,5.5,55960.0
NCCBLMF1,2024-05-12,5.7,5.7,5.5,5.5,35866.0
NCCBLMF1,2024-05-09,5.7,5.7,5.6,5.6,48372.0
NCCBLMF1,2024-05-08,5.7,5.7,5.6,5.7,61446.0
NCCBLMF1,2024-05-07,5.7,5.8,5.6,5.7,131671.0
NCCBLMF1,2024-05-06,5.5,5.7,5.5,5.7,64660.0
NCCBLMF1,2024-05-05,5.6,5.6,5.4,5.4,82167.0
NCCBLMF1,2024-05-02,5.4,5.5,5.4,5.4,51784.0
NCCBLMF1,2024-04-30,5.4,5.5,5.4,5.4,130475.0
NCCBLMF1,2024-04-29,5.5,5.6,5.4,5.5,44993.0
NCCBLMF1,2024-04-28,5.6,5.6,5.4,5.5,45448.0
NCCBLMF1,2024-04-25,5.5,5.5,5.4,5.4,100277.0
NCCBLMF1,2024-04-24,5.6,5.6,5.5,5.5,47262.0
NCCBLMF1,2024-04-23,5.7,5.7,5.5,5.6,44019.0
NCCBLMF1,2024-04-22,5.7,5.7,5.6,5.7,18225.0
NCCBLMF1,2024-04-21,5.6,5.7,5.5,5.6,41980.0
NCCBLMF1,2024-04-18,5.8,5.8,5.6,5.6,93003.0
NCCBLMF1,2024-04-17,5.9,5.9,5.8,5.9,31402.0
NCCBLMF1,2024-04-16,5.7,6.1,5.6,5.9,254210.0
NCCBLMF1,2024-04-15,5.8,5.8,5.7,5.7,60432.0
NCCBLMF1,2024-04-09,5.7,5.8,5.7,5.8,8133.0
NCCBLMF1,2024-04-08,5.8,5.9,5.8,5.8,27013.0
NCCBLMF1,2024-04-04,5.7,5.8,5.6,5.7,18635.0
NCCBLMF1,2024-04-03,5.8,5.8,5.6,5.7,19602.0
NCCBLMF1,2024-04-02,5.7,5.7,5.6,5.6,33256.0
NCCBLMF1,2024-04-01,5.6,5.8,5.6,5.7,31784.0
NCCBLMF1,2024-03-31,5.6,5.8,5.6,5.8,31298.0
NCCBLMF1,2024-03-28,5.7,5.7,5.6,5.6,106944.0
NCCBLMF1,2024-03-27,5.7,5.8,5.7,5.7,100731.0
NCCBLMF1,2024-03-25,5.9,5.9,5.6,5.7,113454.0
NCCBLMF1,2024-03-24,5.9,5.9,5.7,5.8,43014.0
NCCBLMF1,2024-03-21,5.9,6.0,5.8,5.9,36940.0
NCCBLMF1,2024-03-20,5.9,5.9,5.7,5.8,77284.0
NCCBLMF1,2024-03-19,5.9,5.9,5.6,5.6,66452.0
NCCBLMF1,2024-03-18,6.1,6.1,5.7,5.8,97777.0
NCCBLMF1,2024-03-14,6.2,6.2,6.0,6.1,75099.0
NCCBLMF1,2024-03-13,6.3,6.3,6.1,6.2,47869.0
NCCBLMF1,2024-03-12,6.4,6.4,6.2,6.2,59903.0
NCCBLMF1,2024-03-11,6.5,6.6,6.3,6.3,372192.0
NCCBLMF1,2024-03-10,0.0,0.0,0.0,6.9,0.0
NCCBLMF1,2024-03-07,6.9,6.9,6.8,6.9,194356.0
NCCBLMF1,2024-03-06,6.9,7.0,6.8,6.9,155433.0
NCCBLMF1,2024-03-05,7.0,7.0,6.8,6.9,260797.0
NCCBLMF1,2024-03-04,7.1,7.1,6.9,6.9,470199.0
NCCBLMF1,2024-03-03,6.9,7.0,6.9,6.9,198476.0
NCCBLMF1,2024-02-29,7.0,7.1,6.9,6.9,266791.0
NCCBLMF1,2024-02-28,7.0,7.1,7.0,7.0,297676.0
NCCBLMF1,2024-02-27,6.8,7.1,6.8,7.0,207829.0
NCCBLMF1,2024-02-25,7.1,7.1,6.8,6.9,255017.0
NCCBLMF1,2024-02-22,7.0,7.1,7.0,7.1,123271.0
NCCBLMF1,2024-02-20,7.3,7.3,6.7,6.9,1482522.0
NCCBLMF1,2024-02-19,7.4,7.4,6.9,7.1,853579.0
NCCBLMF1,2024-02-18,7.9,7.9,7.1,7.3,463127.0
NCCBLMF1,2024-02-15,7.8,7.8,7.1,7.4,534652.0
NCCBLMF1,2024-02-14,8.1,8.3,7.7,7.7,287397.0
NCCBLMF1,2024-02-13,8.2,8.4,7.9,8.0,190223.0
NCCBLMF1,2024-02-12,8.2,8.6,8.2,8.2,1394387.0
NCCBLMF1,2024-02-11,8.2,8.4,8.1,8.2,763529.0
NCCBLMF1,2024-02-08,8.3,8.5,8.1,8.1,460577.0
NCCBLMF1,2024-02-07,8.3,8.5,8.1,8.3,1347692.0
NCCBLMF1,2024-02-06,8.0,8.4,8.0,8.2,718229.0
NCCBLMF1,2024-02-05,7.9,8.1,7.8,8.0,703349.0
NCCBLMF1,2024-02-04,7.4,7.9,7.4,7.8,524120.0
NCCBLMF1,2024-02-01,7.3,7.4,7.2,7.3,113182.0
NCCBLMF1,2024-01-31,7.0,7.4,7.0,7.3,137082.0
NCCBLMF1,2024-01-30,7.1,7.2,6.9,7.0,268674.0
NCCBLMF1,2024-01-29,7.3,7.3,7.0,7.0,164445.0
NCCBLMF1,2024-01-28,7.3,7.5,7.0,7.1,285499.0
NCCBLMF1,2024-01-25,7.6,7.6,7.3,7.3,311083.0
NCCBLMF1,2024-01-24,7.7,7.7,7.4,7.5,376275.0
NCCBLMF1,2024-01-23,7.3,7.7,7.3,7.6,301919.0
NCCBLMF1,2024-01-22,7.2,7.6,7.2,7.4,654051.0
NCCBLMF1,2024-01-21,7.3,7.4,7.1,7.2,347715.0
NCCBLMF1,2024-01-18,7.3,7.5,7.3,7.4,362541.0
NCCBLMF1,2024-01-17,7.5,7.5,7.3,7.3,299410.0
NCCBLMF1,2024-01-16,7.3,7.6,7.1,7.3,615104.0
NCCBLMF1,2024-01-15,7.5,7.7,7.3,7.3,470987.0
NCCBLMF1,2024-01-14,7.4,7.8,7.4,7.5,605733.0
NCCBLMF1,2024-01-11,7.5,7.7,7.3,7.4,514654.0
NCCBLMF1,2024-01-10,7.3,7.7,7.3,7.6,466035.0
NCCBLMF1,2024-01-09,7.6,7.6,7.2,7.3,591225.0
NCCBLMF1,2024-01-08,7.6,7.8,7.2,7.5,597770.0
NCCBLMF1,2024-01-04,7.2,7.7,7.2,7.5,741095.0
NCCBLMF1,2024-01-03,7.6,7.7,7.1,7.2,513049.0
NCCBLMF1,2024-01-02,8.2,8.4,7.5,7.5,1144832.0
NCCBLMF1,2024-01-01,8.2,8.7,8.0,8.3,798065.0
NCCBLMF1,2023-12-28,8.8,9.0,8.0,8.2,2186467.0
NCCBLMF1,2023-12-27,8.7,9.2,8.6,8.7,1869485.0
NCCBLMF1,2023-12-26,8.9,9.0,8.2,8.6,1313979.0
NCCBLMF1,2023-12-24,8.0,8.8,8.0,8.8,2398701.0
NCCBLMF1,2023-12-21,8.4,8.4,7.9,8.1,2199839.0
NCCBLMF1,2023-12-20,7.2,7.7,7.2,7.7,1428670.0
NCCBLMF1,2023-12-19,7.0,7.1,7.0,7.0,66684.0
NCCBLMF1,2023-12-18,7.0,7.0,7.0,7.0,1600.0
NCCBLMF1,2023-12-17,7.1,7.1,6.9,7.0,14371.0
NCCBLMF1,2023-12-14,6.9,7.0,6.9,7.0,17756.0
NCCBLMF1,2023-12-13,7.0,7.0,6.9,6.9,55459.0
NCCBLMF1,2023-12-12,7.1,7.2,7.0,7.0,50910.0
NCCBLMF1,2023-12-11,7.0,7.0,7.0,7.0,31834.0
NCCBLMF1,2023-12-10,7.0,7.2,7.0,7.0,46194.0
NCCBLMF1,2023-12-07,7.0,7.2,7.0,7.0,47183.0
NCCBLMF1,2023-12-06,6.9,7.1,6.8,7.0,24824.0
NCCBLMF1,2023-12-05,6.9,6.9,6.9,6.9,5500.0
NCCBLMF1,2023-12-04,6.9,6.9,6.9,6.9,200.0
NCCBLMF1,2023-12-03,6.8,6.9,6.8,6.9,10910.0
NCCBLMF1,2023-11-30,6.9,6.9,6.8,6.8,524.0
NCCBLMF1,2023-11-29,6.8,7.0,6.8,6.9,31881.0
NCCBLMF1,2023-11-28,6.8,6.8,6.8,6.8,1.0
NCCBLMF1,2023-11-27,6.9,6.9,6.9,6.9,5000.0
NCCBLMF1,2023-11-26,6.8,6.9,6.8,6.9,16192.0
NCCBLMF1,2023-11-23,6.9,6.9,6.9,6.9,6100.0
NCCBLMF1,2023-11-22,6.9,6.9,6.9,6.9,1601.0
NCCBLMF1,2023-11-21,6.9,6.9,6.8,6.9,700.0
NCCBLMF1,2023-11-20,6.9,6.9,6.8,6.8,6886.0
NCCBLMF1,2023-11-19,6.9,6.9,6.9,6.9,15.0
NCCBLMF1,2023-11-16,6.8,6.9,6.8,6.8,9689.0
NCCBLMF1,2023-11-15,6.9,6.9,6.9,6.9,3100.0
NCCBLMF1,2023-11-14,6.9,6.9,6.9,6.9,3819.0
NCCBLMF1,2023-11-13,6.9,6.9,6.8,6.9,17425.0
NCCBLMF1,2023-11-12,6.9,6.9,6.8,6.8,16000.0
NCCBLMF1,2023-11-09,6.9,6.9,6.8,6.9,19680.0
NCCBLMF1,2023-11-08,0.0,0.0,0.0,6.9,0.0
NCCBLMF1,2023-11-07,6.9,6.9,6.9,6.9,1483.0
NCCBLMF1,2023-11-06,6.9,6.9,6.9,6.9,14225.0
NCCBLMF1,2023-11-05,6.9,6.9,6.9,6.9,39050.0
NCCBLMF1,2023-11-02,6.9,6.9,6.8,6.9,81572.0
NCCBLMF1,2023-11-01,6.9,6.9,6.9,6.9,19480.0
NCCBLMF1,2023-10-31,6.8,7.1,6.8,7.0,57235.0
NCCBLMF1,2023-10-30,6.9,6.9,6.9,6.9,11000.0
NCCBLMF1,2023-10-29,7.0,7.0,6.9,6.9,6020.0
NCCBLMF1,2023-10-26,6.9,7.1,6.8,7.0,40134.0
NCCBLMF1,2023-10-25,6.9,6.9,6.8,6.8,1629.0
NCCBLMF1,2023-10-23,6.9,6.9,6.9,6.9,2375.0
NCCBLMF1,2023-10-22,6.8,6.9,6.8,6.8,3158.0
NCCBLMF1,2023-10-19,6.9,6.9,6.8,6.8,5720.0
NCCBLMF1,2023-10-18,6.9,6.9,6.9,6.9,8213.0
NCCBLMF1,2023-10-17,6.9,6.9,6.8,6.8,1618.0
NCCBLMF1,2023-10-16,6.9,6.9,6.8,6.8,2144.0
NCCBLMF1,2023-10-15,6.9,6.9,6.9,6.9,10002.0
NCCBLMF1,2023-10-12,6.9,6.9,6.8,6.8,20249.0
NCCBLMF1,2023-10-11,6.9,6.9,6.8,6.8,6028.0
NCCBLMF1,2023-10-10,6.8,6.8,6.8,6.8,2250.0
NCCBLMF1,2023-10-09,6.8,6.8,6.8,6.8,1000.0
NCCBLMF1,2023-10-08,6.8,6.8,6.8,6.8,14500.0
NCCBLMF1,2023-10-05,6.9,6.9,6.8,6.8,34000.0
NCCBLMF1,2023-10-04,6.9,6.9,6.9,6.9,19.0
NCCBLMF1,2023-10-03,6.8,6.8,6.8,6.8,31500.0
NCCBLMF1,2023-10-02,6.8,6.9,6.8,6.8,4005.0
NCCBLMF1,2023-10-01,6.9,6.9,6.8,6.8,71174.0
NCCBLMF1,2023-09-27,0.0,0.0,0.0,6.8,0.0
NCCBLMF1,2023-09-26,6.8,6.8,6.8,6.8,900.0
NCCBLMF1,2023-09-25,0.0,0.0,0.0,6.8,0.0
NCCBLMF1,2023-09-24,6.8,6.8,6.8,6.8,30720.0
NCCBLMF1,2023-09-21,6.8,6.8,6.8,6.8,16000.0
NCCBLMF1,2023-09-20,6.8,6.8,6.8,6.8,10891.0
NCCBLMF1,2023-09-19,0.0,0.0,0.0,6.9,0.0
NCCBLMF1,2023-09-18,6.9,6.9,6.9,6.9,2000.0
NCCBLMF1,2023-09-17,6.9,6.9,6.8,6.9,1265.0
NCCBLMF1,2023-09-14,6.9,6.9,6.8,6.8,37199.0
NCCBLMF1,2023-09-13,6.8,6.9,6.8,6.9,1682.0
NCCBLMF1,2023-09-12,0.0,0.0,0.0,6.8,0.0
NCCBLMF1,2023-09-11,6.8,6.8,6.8,6.8,14000.0
NCCBLMF1,2023-09-10,6.9,6.9,6.8,6.9,2072.0
NCCBLMF1,2023-09-07,6.9,6.9,6.8,6.8,12501.0
NCCBLMF1,2023-09-05,6.9,6.9,6.8,6.9,22000.0
NCCBLMF1,2023-09-04,6.8,6.8,6.8,6.8,115.0
NCCBLMF1,2023-09-03,6.8,6.8,6.8,6.8,17692.0
NCCBLMF1,2023-08-31,6.8,6.8,6.8,6.8,5025.0
NCCBLMF1,2023-08-30,6.9,6.9,6.8,6.9,990.0
NCCBLMF1,2023-08-29,6.8,6.9,6.8,6.9,10308.0
NCCBLMF1,2023-08-28,6.9,6.9,6.9,6.9,4652.0
NCCBLMF1,2023-08-27,6.9,6.9,6.8,6.9,5250.0
NCCBLMF1,2023-08-24,6.8,6.9,6.8,6.9,8000.0
NCCBLMF1,2023-08-23,6.8,6.9,6.8,6.8,37181.0
NCCBLMF1,2023-08-22,6.8,6.9,6.8,6.8,9133.0
NCCBLMF1,2023-08-21,6.8,6.9,6.8,6.8,3208.0
NCCBLMF1,2023-08-20,6.8,6.8,6.8,6.8,11000.0
NCCBLMF1,2023-08-17,6.8,6.8,6.8,6.8,20818.0
NCCBLMF1,2023-08-16,6.8,6.8,6.8,6.8,12188.0
NCCBLMF1,2023-08-14,6.8,6.9,6.8,6.8,102604.0
NCCBLMF1,2023-08-13,6.8,7.0,6.8,6.8,12384.0
NCCBLMF1,2023-08-10,6.8,6.8,6.8,6.8,9536.0
NCCBLMF1,2023-08-09,6.8,6.8,6.8,6.8,12762.0
NCCBLMF1,2023-08-08,6.8,6.8,6.8,6.8,12145.0
NCCBLMF1,2023-08-07,6.8,6.8,6.8,6.8,3425.0
NCCBLMF1,2023-08-06,6.8,6.8,6.8,6.8,4419.0
NCCBLMF1,2023-08-03,6.8,6.8,6.8,6.8,51900.0
NCCBLMF1,2023-08-02,6.8,6.9,6.8,6.8,16000.0
NCCBLMF1,2023-08-01,6.8,6.9,6.8,6.9,14551.0
NCCBLMF1,2023-07-31,6.8,6.8,6.8,6.8,17049.0
NCCBLMF1,2023-07-30,6.8,6.8,6.8,6.8,21377.0
NCCBLMF1,2023-07-27,6.8,6.9,6.8,6.8,23322.0
NCCBLMF1,2023-07-26,6.9,6.9,6.9,6.9,9602.0
NCCBLMF1,2023-07-25,6.9,6.9,6.9,6.9,10019.0
NCCBLMF1,2023-07-24,6.9,6.9,6.9,6.9,15792.0
NCCBLMF1,2023-07-23,6.9,7.0,6.9,6.9,53102.0
NCCBLMF1,2023-07-20,6.9,7.1,6.9,7.0,113729.0
NCCBLMF1,2023-07-19,6.9,6.9,6.8,6.9,67514.0
NCCBLMF1,2023-07-18,6.8,7.0,6.8,6.9,38246.0
NCCBLMF1,2023-07-17,6.9,6.9,6.8,6.9,58498.0
NCCBLMF1,2023-07-16,6.8,7.0,6.8,6.8,26280.0
NCCBLMF1,2023-07-13,6.8,7.0,6.8,6.9,12433.0
NCCBLMF1,2023-07-12,6.8,6.8,6.8,6.8,29592.0
NCCBLMF1,2023-07-11,6.8,6.8,6.8,6.8,37611.0
NCCBLMF1,2023-07-10,6.8,6.8,6.8,6.8,63771.0
NCCBLMF1,2023-07-09,6.8,6.8,6.8,6.8,8414.0
NCCBLMF1,2023-07-06,6.8,6.8,6.8,6.8,22920.0
NCCBLMF1,2023-07-05,6.8,6.8,6.8,6.8,25.0
NCCBLMF1,2023-07-04,6.8,6.9,6.8,6.8,14012.0
NCCBLMF1,2023-07-03,6.9,6.9,6.8,6.8,57874.0
NCCBLMF1,2023-07-02,6.8,6.8,6.8,6.8,9325.0
NCCBLMF1,2023-06-26,6.8,6.8,6.8,6.8,1254.0
NCCBLMF1,2023-06-25,7.0,7.0,6.8,6.8,2301.0
NCCBLMF1,2023-06-22,6.8,6.8,6.8,6.8,7000.0
NCCBLMF1,2023-06-21,6.8,6.8,6.8,6.8,10577.0
NCCBLMF1,2023-06-20,0.0,0.0,0.0,6.8,0.0
NCCBLMF1,2023-06-19,6.8,6.8,6.8,6.8,10.0
NCCBLMF1,2023-06-18,6.8,6.8,6.8,6.8,50.0
NCCBLMF1,2023-06-15,6.8,6.8,6.8,6.8,62118.0
NCCBLMF1,2023-06-14,0.0,0.0,0.0,6.8,0.0
NCCBLMF1,2023-06-13,6.8,6.8,6.8,6.8,22900.0
NCCBLMF1,2023-06-12,6.8,6.8,6.8,6.8,72350.0
NCCBLMF1,2023-06-11,0.0,0.0,0.0,6.8,0.0
NCCBLMF1,2023-06-08,6.8,6.8,6.8,6.8,1050.0
NCCBLMF1,2023-06-07,6.8,6.8,6.8,6.8,50.0
NCCBLMF1,2023-06-06,6.8,6.8,6.8,6.8,21015.0
NCCBLMF1,2023-06-05,6.8,6.8,6.8,6.8,1874.0
NCCBLMF1,2023-06-04,6.8,6.8,6.8,6.8,1000.0
NCCBLMF1,2023-06-01,6.8,6.9,6.8,6.8,121124.0
NCCBLMF1,2023-05-31,6.8,6.8,6.8,6.8,11523.0
NCCBLMF1,2023-05-30,6.8,6.9,6.8,6.8,131040.0
NCCBLMF1,2023-05-29,6.8,6.8,6.8,6.8,27767.0
NCCBLMF1,2023-05-28,6.8,6.8,6.8,6.8,2251.0
NCCBLMF1,2023-05-25,6.8,6.8,6.8,6.8,550.0
NCCBLMF1,2023-05-24,6.8,6.8,6.8,6.8,2355.0
NCCBLMF1,2023-05-23,0.0,0.0,0.0,6.8,0.0
NCCBLMF1,2023-05-22,6.8,6.8,6.8,6.8,294.0
NCCBLMF1,2023-05-21,6.8,6.8,6.8,6.8,11570.0
NCCBLMF1,2023-05-18,6.8,6.8,6.8,6.8,12830.0
NCCBLMF1,2023-05-17,6.8,6.8,6.8,6.8,6000.0
NCCBLMF1,2023-05-16,6.8,6.8,6.8,6.8,50.0
NCCBLMF1,2023-05-15,6.8,6.8,6.8,6.8,589.0
NCCBLMF1,2023-05-14,6.8,6.8,6.8,6.8,2200.0
NCCBLMF1,2023-05-11,0.0,0.0,0.0,6.8,0.0
NCCBLMF1,2023-05-10,6.8,6.8,6.8,6.8,150.0
NCCBLMF1,2023-05-09,6.8,6.8,6.8,6.8,1000.0
NCCBLMF1,2023-05-08,6.8,6.8,6.8,6.8,401.0
NCCBLMF1,2023-05-07,6.8,6.8,6.8,6.8,760.0
NCCBLMF1,2023-05-03,0.0,0.0,0.0,6.8,0.0
NCCBLMF1,2023-05-02,6.8,6.8,6.8,6.8,4000.0
NCCBLMF1,2023-04-30,6.8,6.8,6.8,6.8,200.0
NCCBLMF1,2023-04-27,0.0,0.0,0.0,6.8,0.0
NCCBLMF1,2023-04-26,6.8,6.8,6.8,6.8,350.0
NCCBLMF1,2023-04-25,0.0,0.0,0.0,6.8,0.0
NCCBLMF1,2023-04-24,0.0,0.0,0.0,6.8,0.0
NCCBLMF1,2023-04-18,0.0,0.0,0.0,6.8,0.0
NCCBLMF1,2023-04-17,0.0,0.0,0.0,6.8,0.0
NCCBLMF1,2023-04-13,6.8,6.8,6.8,6.8,200.0
NCCBLMF1,2023-04-13,6.8,6.8,6.8,6.8,200.0
NCCBLMF1,2023-04-06,6.8,6.8,6.8,6.8,8.0
NCCBLMF1,2023-04-06,6.8,6.8,6.8,6.8,8.0
NCCBLMF1,2023-04-05,6.8,6.8,6.8,6.8,90.0
NCCBLMF1,2023-04-05,6.8,6.8,6.8,6.8,90.0
NCCBLMF1,2023-03-23,6.8,6.8,6.8,6.8,751.0
NCCBLMF1,2023-03-23,6.8,6.8,6.8,6.8,751.0
NCCBLMF1,2023-03-19,6.8,6.8,6.8,6.8,100.0
NCCBLMF1,2023-03-19,6.8,6.8,6.8,6.8,100.0
NCCBLMF1,2023-03-16,6.8,6.8,6.8,6.8,390.0
NCCBLMF1,2023-03-16,6.8,6.8,6.8,6.8,390.0
NCCBLMF1,2023-03-15,6.8,6.8,6.8,6.8,2187.0
NCCBLMF1,2023-03-15,6.8,6.8,6.8,6.8,2187.0
NCCBLMF1,2023-03-14,6.8,6.8,6.8,6.8,25000.0
NCCBLMF1,2023-03-14,6.8,6.8,6.8,6.8,25000.0
NCCBLMF1,2023-03-12,6.8,6.8,6.8,6.8,3845.0
NCCBLMF1,2023-03-12,6.8,6.8,6.8,6.8,3845.0
NCCBLMF1,2023-03-07,6.9,7.0,6.9,7.0,108407.0
NCCBLMF1,2023-03-07,6.9,7.0,6.9,7.0,108407.0
NCCBLMF1,2023-03-06,6.9,7.0,6.8,6.8,324071.0
NCCBLMF1,2023-03-06,6.9,7.0,6.8,6.8,324071.0
NCCBLMF1,2023-03-05,6.9,7.0,6.9,6.9,88008.0
NCCBLMF1,2023-03-05,6.9,7.0,6.9,6.9,88008.0
NCCBLMF1,2023-03-02,7.1,7.1,6.8,7.0,44368.0
NCCBLMF1,2023-03-02,7.1,7.1,6.8,7.0,44368.0
NCCBLMF1,2023-03-01,7.1,7.1,7.1,7.1,3450.0
NCCBLMF1,2023-03-01,7.1,7.1,7.1,7.1,3450.0
NCCBLMF1,2023-02-28,7.1,7.1,7.1,7.1,5418.0
NCCBLMF1,2023-02-28,7.1,7.1,7.1,7.1,5418.0
NCCBLMF1,2023-02-27,7.1,7.1,7.1,7.1,3301.0
NCCBLMF1,2023-02-27,7.1,7.1,7.1,7.1,3301.0
NCCBLMF1,2023-02-26,7.1,7.1,7.1,7.1,2380.0
NCCBLMF1,2023-02-26,7.1,7.1,7.1,7.1,2380.0
NCCBLMF1,2023-02-23,7.1,7.1,7.1,7.1,33169.0
NCCBLMF1,2023-02-23,7.1,7.1,7.1,7.1,33169.0
NCCBLMF1,2023-02-22,7.1,7.1,7.1,7.1,6114.0
NCCBLMF1,2023-02-22,7.1,7.1,7.1,7.1,6114.0
NCCBLMF1,2023-02-20,7.1,7.1,7.1,7.1,8509.0
NCCBLMF1,2023-02-20,7.1,7.1,7.1,7.1,8509.0
NCCBLMF1,2023-02-19,7.0,7.2,7.0,7.1,79892.0
NCCBLMF1,2023-02-19,7.0,7.2,7.0,7.1,79892.0
NCCBLMF1,2023-02-16,7.0,7.0,7.0,7.0,51914.0
NCCBLMF1,2023-02-16,7.0,7.0,7.0,7.0,51914.0
NCCBLMF1,2023-02-15,7.2,7.2,6.8,7.0,64429.0
NCCBLMF1,2023-02-15,7.2,7.2,6.8,7.0,64429.0
NCCBLMF1,2023-02-14,7.2,7.2,7.2,7.2,1022.0
NCCBLMF1,2023-02-14,7.2,7.2,7.2,7.2,1022.0
NCCBLMF1,2023-02-12,7.2,7.2,7.2,7.2,311.0
NCCBLMF1,2023-02-12,7.2,7.2,7.2,7.2,311.0
NCCBLMF1,2023-02-09,7.2,7.2,7.2,7.2,8392.0
NCCBLMF1,2023-02-09,7.2,7.2,7.2,7.2,8392.0
NCCBLMF1,2023-02-08,7.2,7.2,7.2,7.2,25911.0
NCCBLMF1,2023-02-08,7.2,7.2,7.2,7.2,25911.0
NCCBLMF1,2023-02-07,7.2,7.2,7.2,7.2,7373.0
NCCBLMF1,2023-02-07,7.2,7.2,7.2,7.2,7373.0
NCCBLMF1,2023-02-06,7.2,7.2,7.2,7.2,277.0
NCCBLMF1,2023-02-06,7.2,7.2,7.2,7.2,277.0
NCCBLMF1,2023-02-02,7.2,7.2,7.2,7.2,6602.0
NCCBLMF1,2023-02-02,7.2,7.2,7.2,7.2,6602.0
NCCBLMF1,2023-02-01,7.2,7.2,7.2,7.2,526.0
NCCBLMF1,2023-02-01,7.2,7.2,7.2,7.2,526.0
NCCBLMF1,2023-01-31,7.2,7.2,7.2,7.2,2004.0
NCCBLMF1,2023-01-31,7.2,7.2,7.2,7.2,2004.0
NCCBLMF1,2023-01-30,7.2,7.2,7.2,7.2,2585.0
NCCBLMF1,2023-01-30,7.2,7.2,7.2,7.2,2585.0
NCCBLMF1,2023-01-29,7.2,7.2,7.2,7.2,2873.0
NCCBLMF1,2023-01-29,7.2,7.2,7.2,7.2,2873.0
NCCBLMF1,2023-01-26,7.2,7.2,7.2,7.2,4559.0
NCCBLMF1,2023-01-26,7.2,7.2,7.2,7.2,4559.0
NCCBLMF1,2023-01-25,7.2,7.2,7.2,7.2,5052.0
NCCBLMF1,2023-01-25,7.2,7.2,7.2,7.2,5052.0
NCCBLMF1,2023-01-24,7.2,7.2,7.2,7.2,678.0
NCCBLMF1,2023-01-24,7.2,7.2,7.2,7.2,678.0
NCCBLMF1,2023-01-23,7.2,7.2,7.2,7.2,152.0
NCCBLMF1,2023-01-23,7.2,7.2,7.2,7.2,152.0
NCCBLMF1,2023-01-22,7.2,7.2,7.2,7.2,3872.0
NCCBLMF1,2023-01-22,7.2,7.2,7.2,7.2,3872.0
NCCBLMF1,2023-01-19,7.2,7.2,7.2,7.2,1011.0
NCCBLMF1,2023-01-19,7.2,7.2,7.2,7.2,1011.0
NCCBLMF1,2023-01-18,7.2,7.2,7.2,7.2,118.0
NCCBLMF1,2023-01-18,7.2,7.2,7.2,7.2,118.0
NCCBLMF1,2023-01-17,7.2,7.2,7.2,7.2,1000.0
NCCBLMF1,2023-01-17,7.2,7.2,7.2,7.2,1000.0
NCCBLMF1,2023-01-16,7.2,7.2,7.2,7.2,1495.0
NCCBLMF1,2023-01-16,7.2,7.2,7.2,7.2,1495.0
NCCBLMF1,2023-01-15,7.2,7.2,7.2,7.2,911.0
NCCBLMF1,2023-01-15,7.2,7.2,7.2,7.2,911.0
NCCBLMF1,2023-01-12,7.2,7.2,7.2,7.2,121.0
NCCBLMF1,2023-01-12,7.2,7.2,7.2,7.2,121.0
NCCBLMF1,2023-01-10,7.2,7.2,7.2,7.2,16.0
NCCBLMF1,2023-01-10,7.2,7.2,7.2,7.2,16.0
NCCBLMF1,2023-01-09,7.2,7.2,7.2,7.2,730.0
NCCBLMF1,2023-01-09,7.2,7.2,7.2,7.2,730.0
NCCBLMF1,2023-01-08,7.2,7.2,7.2,7.2,17599.0
NCCBLMF1,2023-01-08,7.2,7.2,7.2,7.2,17599.0
NCCBLMF1,2023-01-05,7.2,7.2,7.2,7.2,1236.0
NCCBLMF1,2023-01-05,7.2,7.2,7.2,7.2,1236.0
NCCBLMF1,2023-01-04,7.1,7.2,7.1,7.2,6546.0
NCCBLMF1,2023-01-04,7.1,7.2,7.1,7.2,6546.0
NCCBLMF1,2023-01-03,7.1,7.2,7.1,7.1,6900.0
NCCBLMF1,2023-01-03,7.1,7.2,7.1,7.1,6900.0
NCCBLMF1,2023-01-02,7.1,7.1,7.1,7.1,36814.0
NCCBLMF1,2023-01-02,7.1,7.1,7.1,7.1,36814.0
NCCBLMF1,2023-01-01,7.1,7.1,7.1,7.1,2076.0
NCCBLMF1,2023-01-01,7.1,7.1,7.1,7.1,2076.0
NCCBLMF1,2022-12-29,6.9,7.1,6.9,7.1,68412.0
NCCBLMF1,2022-12-29,6.9,7.1,6.9,7.1,68412.0
NCCBLMF1,2022-12-28,6.9,6.9,6.9,6.9,12860.0
NCCBLMF1,2022-12-28,6.9,6.9,6.9,6.9,12860.0
NCCBLMF1,2022-12-27,6.9,6.9,6.9,6.9,23673.0
NCCBLMF1,2022-12-27,6.9,6.9,6.9,6.9,23673.0
NCCBLMF1,2022-12-26,6.9,6.9,6.9,6.9,94.0
NCCBLMF1,2022-12-26,6.9,6.9,6.9,6.9,94.0
NCCBLMF1,2022-12-22,6.8,6.9,6.8,6.8,10347.0
NCCBLMF1,2022-12-22,6.8,6.9,6.8,6.8,10347.0
NCCBLMF1,2022-12-21,6.9,6.9,6.8,6.8,68072.0
NCCBLMF1,2022-12-21,6.9,6.9,6.8,6.8,68072.0
NCCBLMF1,2022-12-20,6.8,6.9,6.8,6.8,85888.0
NCCBLMF1,2022-12-20,6.8,6.9,6.8,6.8,85888.0
NCCBLMF1,2022-12-19,6.9,6.9,6.8,6.8,17018.0
NCCBLMF1,2022-12-19,6.9,6.9,6.8,6.8,17018.0
NCCBLMF1,2022-12-18,6.8,6.8,6.8,6.8,12979.0
NCCBLMF1,2022-12-18,6.8,6.8,6.8,6.8,12979.0
NCCBLMF1,2022-12-15,6.9,6.9,6.8,6.8,81923.0
NCCBLMF1,2022-12-15,6.9,6.9,6.8,6.8,81923.0
NCCBLMF1,2022-12-14,6.9,6.9,6.9,6.9,1077.0
NCCBLMF1,2022-12-14,6.9,6.9,6.9,6.9,1077.0
NCCBLMF1,2022-12-13,6.8,6.8,6.8,6.8,51131.0
NCCBLMF1,2022-12-13,6.8,6.8,6.8,6.8,51131.0
NCCBLMF1,2022-12-12,6.8,6.8,6.8,6.8,18216.0
NCCBLMF1,2022-12-12,6.8,6.8,6.8,6.8,18216.0
NCCBLMF1,2022-12-11,6.8,6.9,6.8,6.8,5410.0
NCCBLMF1,2022-12-11,6.8,6.9,6.8,6.8,5410.0
NCCBLMF1,2022-12-08,6.8,6.8,6.8,6.8,26837.0
NCCBLMF1,2022-12-08,6.8,6.8,6.8,6.8,26837.0
NCCBLMF1,2022-12-07,6.8,6.9,6.8,6.8,19899.0
NCCBLMF1,2022-12-07,7.1,7.1,7.0,7.1,1070.0
NCCBLMF1,2022-12-07,6.8,6.9,6.8,6.8,19899.0
NCCBLMF1,2022-12-06,6.8,6.9,6.8,6.9,2743.0
NCCBLMF1,2022-12-06,6.8,6.9,6.8,6.9,2743.0
NCCBLMF1,2022-12-06,7.4,7.4,7.1,7.2,10202.0
NCCBLMF1,2022-12-05,6.8,6.9,6.8,6.8,11879.0
NCCBLMF1,2022-12-05,7.0,7.1,6.9,6.9,54370.0
NCCBLMF1,2022-12-05,6.8,6.9,6.8,6.8,11879.0
NCCBLMF1,2022-12-04,6.8,6.8,6.8,6.8,3622.0
NCCBLMF1,2022-12-04,7.1,7.1,6.9,7.0,5780.0
NCCBLMF1,2022-12-04,6.8,6.8,6.8,6.8,3622.0
NCCBLMF1,2022-12-01,8.9,8.9,8.8,8.9,77400.0
NCCBLMF1,2022-12-01,6.8,6.8,6.8,6.8,8764.0
NCCBLMF1,2022-12-01,6.8,6.8,6.8,6.8,8764.0
NCCBLMF1,2022-11-30,6.9,6.9,6.8,6.8,690.0
NCCBLMF1,2022-11-30,6.9,6.9,6.8,6.8,690.0
NCCBLMF1,2022-11-29,6.8,6.9,6.8,6.8,4030.0
NCCBLMF1,2022-11-29,6.8,6.9,6.8,6.8,4030.0
NCCBLMF1,2022-11-28,6.8,6.9,6.8,6.8,615.0
NCCBLMF1,2022-11-28,6.8,6.9,6.8,6.8,615.0
NCCBLMF1,2022-11-27,6.8,6.8,6.8,6.8,7000.0
NCCBLMF1,2022-11-27,6.8,6.8,6.8,6.8,7000.0
NCCBLMF1,2022-11-24,6.8,6.8,6.8,6.8,2022.0
NCCBLMF1,2022-11-24,6.8,6.8,6.8,6.8,2022.0
NCCBLMF1,2022-11-23,6.8,6.9,6.8,6.8,10345.0
NCCBLMF1,2022-11-23,6.8,6.9,6.8,6.8,10345.0
NCCBLMF1,2022-11-22,6.8,6.8,6.8,6.8,90.0
NCCBLMF1,2022-11-22,6.8,6.8,6.8,6.8,90.0
NCCBLMF1,2022-11-21,6.8,6.8,6.8,6.8,36515.0
NCCBLMF1,2022-11-21,6.8,6.8,6.8,6.8,36515.0
NCCBLMF1,2022-11-20,6.8,6.9,6.8,6.8,49602.0
NCCBLMF1,2022-11-20,6.8,6.9,6.8,6.8,49602.0
NCCBLMF1,2022-11-17,6.8,6.8,6.8,6.8,3592.0
NCCBLMF1,2022-11-17,6.8,6.8,6.8,6.8,3592.0
NCCBLMF1,2022-11-16,6.8,6.8,6.8,6.8,1000.0
NCCBLMF1,2022-11-16,6.8,6.8,6.8,6.8,1000.0
NCCBLMF1,2022-11-15,6.8,6.8,6.8,6.8,6400.0
NCCBLMF1,2022-11-15,6.8,6.8,6.8,6.8,6400.0
NCCBLMF1,2022-11-14,6.8,6.8,6.8,6.8,2000.0
NCCBLMF1,2022-11-14,6.8,6.8,6.8,6.8,2000.0
NCCBLMF1,2022-11-13,6.8,6.8,6.8,6.8,9299.0
NCCBLMF1,2022-11-13,6.8,6.8,6.8,6.8,9299.0
NCCBLMF1,2022-11-10,6.8,6.8,6.8,6.8,21025.0
NCCBLMF1,2022-11-10,6.8,6.8,6.8,6.8,21025.0
NCCBLMF1,2022-11-09,6.8,6.8,6.8,6.8,65771.0
NCCBLMF1,2022-11-09,6.8,6.8,6.8,6.8,65771.0
NCCBLMF1,2022-11-08,6.9,6.9,6.8,6.9,11180.0
NCCBLMF1,2022-11-08,6.9,6.9,6.8,6.9,11180.0
NCCBLMF1,2022-11-07,6.8,6.9,6.8,6.8,118779.0
NCCBLMF1,2022-11-07,6.8,6.9,6.8,6.8,118779.0
NCCBLMF1,2022-11-06,6.8,6.9,6.8,6.8,63908.0
NCCBLMF1,2022-11-06,6.8,6.9,6.8,6.8,63908.0
NCCBLMF1,2022-11-05,7.2,7.2,6.9,7.0,99645.0
NCCBLMF1,2022-11-04,7.0,7.1,6.9,7.0,46321.0
NCCBLMF1,2022-11-03,6.9,6.9,6.8,6.9,57500.0
NCCBLMF1,2022-11-03,6.9,6.9,6.8,6.9,57500.0
NCCBLMF1,2022-11-02,6.9,6.9,6.8,6.8,54532.0
NCCBLMF1,2022-11-02,6.9,6.9,6.8,6.8,54532.0
NCCBLMF1,2022-11-01,6.9,6.9,6.8,6.8,53442.0
NCCBLMF1,2022-11-01,8.8,8.9,8.7,8.9,142786.0
NCCBLMF1,2022-11-01,6.9,6.9,6.8,6.8,53442.0
NCCBLMF1,2022-10-31,6.8,6.9,6.8,6.9,11690.0
NCCBLMF1,2022-10-31,6.8,6.9,6.8,6.9,11690.0
NCCBLMF1,2022-10-30,6.8,6.9,6.8,6.8,27940.0
NCCBLMF1,2022-10-30,6.8,6.9,6.8,6.8,27940.0
NCCBLMF1,2022-10-27,6.9,6.9,6.9,6.9,800.0
NCCBLMF1,2022-10-27,6.9,6.9,6.9,6.9,800.0
NCCBLMF1,2022-10-26,6.9,6.9,6.8,6.9,15240.0
NCCBLMF1,2022-10-26,6.9,6.9,6.8,6.9,15240.0
NCCBLMF1,2022-10-25,6.9,6.9,6.9,6.9,10458.0
NCCBLMF1,2022-10-25,6.9,6.9,6.9,6.9,10458.0
NCCBLMF1,2022-10-24,6.9,6.9,6.9,6.9,29785.0
NCCBLMF1,2022-10-24,6.9,6.9,6.9,6.9,29785.0
NCCBLMF1,2022-10-23,6.9,6.9,6.8,6.9,23402.0
NCCBLMF1,2022-10-23,6.9,6.9,6.8,6.9,23402.0
NCCBLMF1,2022-10-20,7.0,7.0,6.9,6.9,3010.0
NCCBLMF1,2022-10-20,7.0,7.0,6.9,6.9,3010.0
NCCBLMF1,2022-10-19,6.9,7.0,6.9,6.9,30516.0
NCCBLMF1,2022-10-19,6.9,7.0,6.9,6.9,30516.0
NCCBLMF1,2022-10-18,7.0,7.0,6.9,7.0,4434.0
NCCBLMF1,2022-10-18,7.0,7.0,6.9,7.0,4434.0
NCCBLMF1,2022-10-17,7.0,7.0,7.0,7.0,74702.0
NCCBLMF1,2022-10-17,7.0,7.0,7.0,7.0,74702.0
NCCBLMF1,2022-10-16,6.9,7.1,6.9,6.9,17964.0
NCCBLMF1,2022-10-16,6.9,7.1,6.9,6.9,17964.0
NCCBLMF1,2022-10-13,7.0,7.0,7.0,7.0,1910.0
NCCBLMF1,2022-10-13,7.0,7.0,7.0,7.0,1910.0
NCCBLMF1,2022-10-12,7.0,7.1,7.0,7.0,46112.0
NCCBLMF1,2022-10-12,7.0,7.1,7.0,7.0,46112.0
NCCBLMF1,2022-10-11,7.0,7.0,6.9,7.0,8150.0
NCCBLMF1,2022-10-11,7.0,7.0,6.9,7.0,8150.0
NCCBLMF1,2022-10-10,7.0,7.1,7.0,7.0,23900.0
NCCBLMF1,2022-10-10,7.0,7.1,7.0,7.0,23900.0
NCCBLMF1,2022-10-06,7.0,7.1,7.0,7.0,28945.0
NCCBLMF1,2022-10-06,7.0,7.1,7.0,7.0,28945.0
NCCBLMF1,2022-10-05,7.1,7.2,7.0,7.0,35415.0
NCCBLMF1,2022-10-04,7.0,7.1,7.0,7.0,8107.0
NCCBLMF1,2022-10-04,7.0,7.1,7.0,7.0,8107.0
NCCBLMF1,2022-10-04,7.2,7.2,7.0,7.0,21981.0
NCCBLMF1,2022-10-03,7.2,7.4,7.1,7.1,353661.0
NCCBLMF1,2022-10-03,6.9,7.1,6.9,7.0,5504.0
NCCBLMF1,2022-10-03,6.9,7.1,6.9,7.0,5504.0
NCCBLMF1,2022-10-02,7.0,7.0,7.0,7.0,2490.0
NCCBLMF1,2022-10-02,9.0,9.0,8.9,8.9,447962.0
NCCBLMF1,2022-10-02,7.0,7.0,7.0,7.0,2490.0
NCCBLMF1,2022-10-01,8.8,8.8,8.8,8.8,39270.0
NCCBLMF1,2022-09-29,7.0,7.0,6.9,7.0,8830.0
NCCBLMF1,2022-09-29,7.0,7.0,6.9,7.0,8830.0
NCCBLMF1,2022-09-28,7.0,7.0,7.0,7.0,21245.0
NCCBLMF1,2022-09-28,7.0,7.0,7.0,7.0,21245.0
NCCBLMF1,2022-09-27,7.0,7.0,6.9,6.9,17400.0
NCCBLMF1,2022-09-27,7.0,7.0,6.9,6.9,17400.0
NCCBLMF1,2022-09-26,7.0,7.0,7.0,7.0,10000.0
NCCBLMF1,2022-09-26,7.0,7.0,7.0,7.0,10000.0
NCCBLMF1,2022-09-25,7.1,7.1,7.0,7.0,106795.0
NCCBLMF1,2022-09-25,7.1,7.1,7.0,7.0,106795.0
NCCBLMF1,2022-09-22,7.0,7.1,7.0,7.0,26868.0
NCCBLMF1,2022-09-22,7.0,7.1,7.0,7.0,26868.0
NCCBLMF1,2022-09-21,7.0,7.0,6.9,7.0,17167.0
NCCBLMF1,2022-09-21,7.0,7.0,6.9,7.0,17167.0
NCCBLMF1,2022-09-20,7.0,7.1,6.9,6.9,6006.0
NCCBLMF1,2022-09-20,7.0,7.1,6.9,6.9,6006.0
NCCBLMF1,2022-09-19,7.0,7.0,7.0,7.0,5801.0
NCCBLMF1,2022-09-19,7.0,7.0,7.0,7.0,5801.0
NCCBLMF1,2022-09-18,7.1,7.1,7.0,7.0,92814.0
NCCBLMF1,2022-09-18,7.1,7.1,7.0,7.0,92814.0
NCCBLMF1,2022-09-15,7.0,7.1,7.0,7.0,94387.0
NCCBLMF1,2022-09-15,7.0,7.1,7.0,7.0,94387.0
NCCBLMF1,2022-09-14,6.9,7.0,6.9,7.0,83177.0
NCCBLMF1,2022-09-14,6.9,7.0,6.9,7.0,83177.0
NCCBLMF1,2022-09-13,6.9,7.1,6.9,7.0,8738.0
NCCBLMF1,2022-09-13,6.9,7.1,6.9,7.0,8738.0
NCCBLMF1,2022-09-12,7.0,7.1,6.9,7.0,6522.0
NCCBLMF1,2022-09-12,7.0,7.1,6.9,7.0,6522.0
NCCBLMF1,2022-09-11,7.1,7.1,6.9,6.9,30605.0
NCCBLMF1,2022-09-11,7.1,7.1,6.9,6.9,30605.0
NCCBLMF1,2022-09-08,7.0,7.0,6.9,7.0,13000.0
NCCBLMF1,2022-09-08,7.0,7.0,6.9,7.0,13000.0
NCCBLMF1,2022-09-07,7.1,7.1,7.0,7.1,226914.0
NCCBLMF1,2022-09-07,7.1,7.1,7.0,7.1,226914.0
NCCBLMF1,2022-09-06,7.0,7.0,7.0,7.0,251.0
NCCBLMF1,2022-09-06,7.4,7.4,7.2,7.2,16316.0
NCCBLMF1,2022-09-06,7.0,7.0,7.0,7.0,251.0
NCCBLMF1,2022-09-05,7.0,7.0,7.0,7.0,218528.0
NCCBLMF1,2022-09-05,7.0,7.0,7.0,7.0,218528.0
NCCBLMF1,2022-09-05,7.1,7.1,7.1,7.1,41875.0
NCCBLMF1,2022-09-04,7.1,7.1,6.9,6.9,120000.0
NCCBLMF1,2022-09-04,7.1,7.1,6.9,6.9,120000.0
NCCBLMF1,2022-09-03,7.3,7.3,7.1,7.2,165327.0
NCCBLMF1,2022-09-02,9.0,9.0,8.9,9.0,688781.0
NCCBLMF1,2022-09-01,7.0,7.1,7.0,7.0,18410.0
NCCBLMF1,2022-09-01,7.0,7.1,7.0,7.0,18410.0
NCCBLMF1,2022-09-01,8.8,8.8,8.7,8.7,150046.0
NCCBLMF1,2022-08-31,7.0,7.1,7.0,7.1,20979.0
NCCBLMF1,2022-08-31,7.0,7.1,7.0,7.1,20979.0
NCCBLMF1,2022-08-30,7.0,7.1,7.0,7.0,68482.0
NCCBLMF1,2022-08-30,7.0,7.1,7.0,7.0,68482.0
NCCBLMF1,2022-08-29,7.1,7.1,6.9,7.0,71006.0
NCCBLMF1,2022-08-29,7.1,7.1,6.9,7.0,71006.0
NCCBLMF1,2022-08-28,7.1,7.2,6.9,7.1,105885.0
NCCBLMF1,2022-08-28,7.1,7.2,6.9,7.1,105885.0
NCCBLMF1,2022-08-25,7.0,7.0,6.9,7.0,95500.0
NCCBLMF1,2022-08-25,7.0,7.0,6.9,7.0,95500.0
NCCBLMF1,2022-08-24,7.0,7.1,7.0,7.0,128333.0
NCCBLMF1,2022-08-24,7.0,7.1,7.0,7.0,128333.0
NCCBLMF1,2022-08-23,7.0,7.0,6.9,7.0,53637.0
NCCBLMF1,2022-08-23,7.0,7.0,6.9,7.0,53637.0
NCCBLMF1,2022-08-22,7.0,7.0,7.0,7.0,31894.0
NCCBLMF1,2022-08-22,7.0,7.0,7.0,7.0,31894.0
NCCBLMF1,2022-08-21,7.0,7.0,6.9,7.0,63829.0
NCCBLMF1,2022-08-21,7.0,7.0,6.9,7.0,63829.0
NCCBLMF1,2022-08-17,7.0,7.0,6.9,6.9,39195.0
NCCBLMF1,2022-08-17,7.0,7.0,6.9,6.9,39195.0
NCCBLMF1,2022-08-16,7.0,7.0,7.0,7.0,63153.0
NCCBLMF1,2022-08-16,7.0,7.0,7.0,7.0,63153.0
NCCBLMF1,2022-08-14,7.0,7.1,7.0,7.0,44392.0
NCCBLMF1,2022-08-14,7.0,7.1,7.0,7.0,44392.0
NCCBLMF1,2022-08-11,6.9,7.0,6.9,6.9,40559.0
NCCBLMF1,2022-08-11,6.9,7.0,6.9,6.9,40559.0
NCCBLMF1,2022-08-10,6.9,7.0,6.9,6.9,57245.0
NCCBLMF1,2022-08-10,6.9,7.0,6.9,6.9,57245.0
NCCBLMF1,2022-08-08,7.1,7.1,6.9,6.9,182803.0
NCCBLMF1,2022-08-08,7.1,7.1,6.9,6.9,182803.0
NCCBLMF1,2022-08-07,7.0,7.1,7.0,7.0,142642.0
NCCBLMF1,2022-08-07,7.0,7.1,7.0,7.0,142642.0
NCCBLMF1,2022-08-06,7.1,7.4,7.1,7.3,150228.0
NCCBLMF1,2022-08-05,7.1,7.1,6.9,7.0,82550.0
NCCBLMF1,2022-08-04,7.0,7.0,6.9,7.0,28934.0
NCCBLMF1,2022-08-04,7.0,7.0,6.9,7.0,28934.0
NCCBLMF1,2022-08-03,7.0,7.1,6.9,7.0,39242.0
NCCBLMF1,2022-08-03,7.2,7.3,7.0,7.2,102335.0
NCCBLMF1,2022-08-03,7.0,7.1,6.9,7.0,39242.0
NCCBLMF1,2022-08-02,7.0,7.1,6.9,6.9,153111.0
NCCBLMF1,2022-08-02,9.0,9.1,8.9,9.0,1687727.0
NCCBLMF1,2022-08-02,7.0,7.1,6.9,6.9,153111.0
NCCBLMF1,2022-08-01,6.9,7.0,6.9,7.0,13346.0
NCCBLMF1,2022-08-01,6.9,7.0,6.9,7.0,13346.0
NCCBLMF1,2022-07-31,7.0,7.0,6.8,6.9,10467.0
NCCBLMF1,2022-07-31,7.0,7.0,6.8,6.9,10467.0
NCCBLMF1,2022-07-28,6.9,6.9,6.8,6.8,24282.0
NCCBLMF1,2022-07-28,6.9,6.9,6.8,6.8,24282.0
NCCBLMF1,2022-07-27,6.9,7.0,6.9,6.9,61651.0
NCCBLMF1,2022-07-27,6.9,7.0,6.9,6.9,61651.0
NCCBLMF1,2022-07-26,6.9,7.1,6.9,6.9,11695.0
NCCBLMF1,2022-07-26,6.9,7.1,6.9,6.9,11695.0
NCCBLMF1,2022-07-25,6.8,7.0,6.8,6.8,53127.0
NCCBLMF1,2022-07-25,6.8,7.0,6.8,6.8,53127.0
NCCBLMF1,2022-07-24,7.0,7.0,6.9,6.9,7222.0
NCCBLMF1,2022-07-24,7.0,7.0,6.9,6.9,7222.0
NCCBLMF1,2022-07-21,7.0,7.0,6.9,7.0,20070.0
NCCBLMF1,2022-07-21,7.0,7.0,6.9,7.0,20070.0
NCCBLMF1,2022-07-20,7.1,7.1,6.9,6.9,10510.0
NCCBLMF1,2022-07-20,7.1,7.1,6.9,6.9,10510.0
NCCBLMF1,2022-07-19,6.9,7.0,6.9,6.9,123838.0
NCCBLMF1,2022-07-19,6.9,7.0,6.9,6.9,123838.0
NCCBLMF1,2022-07-18,7.0,7.0,6.9,7.0,37783.0
NCCBLMF1,2022-07-18,7.0,7.0,6.9,7.0,37783.0
NCCBLMF1,2022-07-17,7.1,7.1,7.0,7.0,39730.0
NCCBLMF1,2022-07-14,7.0,7.1,7.0,7.0,10001.0
NCCBLMF1,2022-07-13,7.0,7.1,7.0,7.1,7300.0
NCCBLMF1,2022-07-07,7.1,7.1,7.0,7.0,40210.0
NCCBLMF1,2022-07-06,7.1,7.2,7.1,7.1,26302.0
NCCBLMF1,2022-07-04,7.1,7.1,7.0,7.1,68397.0
NCCBLMF1,2022-07-03,7.4,7.4,7.1,7.2,193630.0
NCCBLMF1,2022-07-02,8.9,9.0,8.8,8.9,206101.0
NCCBLMF1,2022-06-30,7.2,7.2,7.0,7.1,37066.0
NCCBLMF1,2022-06-29,7.2,7.2,7.1,7.1,18428.0
NCCBLMF1,2022-06-28,7.1,7.2,7.0,7.1,58821.0
NCCBLMF1,2022-06-27,7.2,7.2,6.9,7.0,20147.0
NCCBLMF1,2022-06-26,7.2,7.2,7.0,7.0,1002.0
NCCBLMF1,2022-06-23,7.1,7.1,7.0,7.0,7910.0
NCCBLMF1,2022-06-22,7.2,7.2,7.0,7.0,5723.0
NCCBLMF1,2022-06-21,7.0,7.2,6.9,7.0,24273.0
NCCBLMF1,2022-06-20,7.0,7.0,6.9,7.0,78122.0
NCCBLMF1,2022-06-19,7.1,7.1,7.0,7.0,27932.0
NCCBLMF1,2022-06-16,7.6,7.6,6.9,7.1,8262.0
NCCBLMF1,2022-06-15,7.2,7.2,7.0,7.0,3936.0
NCCBLMF1,2022-06-14,7.2,7.2,7.0,7.1,23134.0
NCCBLMF1,2022-06-13,7.2,7.2,7.1,7.1,22878.0
NCCBLMF1,2022-06-07,7.1,7.1,7.0,7.0,34600.0
NCCBLMF1,2022-06-06,7.1,7.2,7.0,7.1,101062.0
NCCBLMF1,2022-06-04,7.2,7.2,7.1,7.1,57510.0
NCCBLMF1,2022-06-03,7.5,7.6,7.4,7.4,147611.0
NCCBLMF1,2022-06-02,8.7,8.9,8.7,8.8,493166.0
NCCBLMF1,2022-06-01,8.8,8.9,8.8,8.8,156537.0
NCCBLMF1,2022-05-31,7.0,7.1,7.0,7.0,49502.0
NCCBLMF1,2022-05-30,7.0,7.0,6.9,7.0,11331.0
NCCBLMF1,2022-05-29,6.9,7.0,6.9,6.9,23810.0
NCCBLMF1,2022-05-26,6.8,6.9,6.8,6.8,11040.0
NCCBLMF1,2022-05-25,6.8,6.9,6.8,6.9,201.0
NCCBLMF1,2022-05-24,6.9,6.9,6.7,6.8,17665.0
NCCBLMF1,2022-05-23,6.9,6.9,6.8,6.8,34867.0
NCCBLMF1,2022-05-22,6.9,6.9,6.8,6.8,7800.0
NCCBLMF1,2022-05-19,6.8,6.9,6.8,6.9,11395.0
NCCBLMF1,2022-05-18,7.0,7.0,6.8,6.9,33767.0
NCCBLMF1,2022-05-17,7.0,7.0,6.7,6.8,40747.0
NCCBLMF1,2022-05-16,6.9,7.0,6.7,6.9,41895.0
NCCBLMF1,2022-05-07,7.1,7.1,7.0,7.1,10940.0
NCCBLMF1,2022-05-06,6.9,7.1,6.9,7.0,29930.0
NCCBLMF1,2022-05-05,7.0,7.1,7.0,7.0,56303.0
NCCBLMF1,2022-05-04,7.3,7.3,7.1,7.1,33201.0
NCCBLMF1,2022-05-01,8.8,8.9,8.7,8.8,79837.0
NCCBLMF1,2022-04-28,7.0,7.1,7.0,7.0,20388.0
NCCBLMF1,2022-04-27,7.2,7.2,7.0,7.1,51308.0
NCCBLMF1,2022-04-26,7.1,7.2,7.0,7.0,20050.0
NCCBLMF1,2022-04-25,7.2,7.2,7.0,7.1,42131.0
NCCBLMF1,2022-04-24,7.2,7.2,7.0,7.0,118645.0
NCCBLMF1,2022-04-21,7.0,7.0,6.9,7.0,22082.0
NCCBLMF1,2022-04-20,7.0,7.0,6.9,6.9,15418.0
NCCBLMF1,2022-04-19,6.8,7.0,6.8,6.8,27685.0
NCCBLMF1,2022-04-18,7.0,7.0,6.9,6.9,68649.0
NCCBLMF1,2022-04-17,7.0,7.0,6.9,7.0,15250.0
NCCBLMF1,2022-04-13,6.9,7.0,6.9,6.9,62368.0
NCCBLMF1,2022-04-07,7.1,7.2,7.0,7.1,53673.0
NCCBLMF1,2022-04-04,7.2,7.2,7.2,7.2,24400.0
NCCBLMF1,2022-04-01,8.9,8.9,8.8,8.8,68054.0
NCCBLMF1,2022-03-31,7.2,7.3,7.2,7.2,39387.0
NCCBLMF1,2022-03-30,7.2,7.2,7.2,7.2,29623.0
NCCBLMF1,2022-03-29,7.2,7.3,7.1,7.2,60528.0
NCCBLMF1,2022-03-28,7.2,7.2,7.1,7.2,154988.0
NCCBLMF1,2022-03-27,7.3,7.3,7.2,7.2,92395.0
NCCBLMF1,2022-03-24,7.3,7.4,7.2,7.3,45909.0
NCCBLMF1,2022-03-23,7.4,7.4,7.2,7.3,39200.0
NCCBLMF1,2022-03-22,7.3,7.3,7.2,7.3,60080.0
NCCBLMF1,2022-03-21,7.3,7.3,7.3,7.3,42432.0
NCCBLMF1,2022-03-20,7.4,7.4,7.4,7.4,21234.0
NCCBLMF1,2022-03-16,7.6,7.6,7.5,7.5,164508.0
NCCBLMF1,2022-03-15,7.4,7.8,7.4,7.6,564726.0
NCCBLMF1,2022-03-14,7.3,7.4,7.2,7.3,233161.0
NCCBLMF1,2022-03-13,7.2,7.3,7.1,7.2,144090.0
NCCBLMF1,2022-03-07,7.4,7.4,7.1,7.1,11801.0
NCCBLMF1,2022-03-04,7.3,7.3,7.1,7.1,148412.0
NCCBLMF1,2022-03-03,7.3,7.6,7.3,7.4,803251.0
NCCBLMF1,2022-03-02,8.7,8.7,8.6,8.6,17387.0
NCCBLMF1,2022-03-01,8.9,8.9,8.8,8.9,213940.0
NCCBLMF1,2022-02-28,8.8,9.0,8.8,9.0,1117764.0
NCCBLMF1,2022-02-27,8.9,8.9,8.7,8.8,527512.0
NCCBLMF1,2022-02-24,9.0,9.0,8.8,8.9,759788.0
NCCBLMF1,2022-02-23,8.9,9.0,8.9,9.0,275018.0
NCCBLMF1,2022-02-22,8.9,9.0,8.8,8.9,84808.0
NCCBLMF1,2022-02-20,9.0,9.0,8.8,8.9,201451.0
NCCBLMF1,2022-02-17,9.0,9.1,8.9,8.9,334914.0
NCCBLMF1,2022-02-16,9.0,9.1,9.0,9.0,159021.0
NCCBLMF1,2022-02-15,9.0,9.1,9.0,9.0,376339.0
NCCBLMF1,2022-02-14,9.0,9.0,8.9,9.0,329275.0
NCCBLMF1,2022-02-13,8.9,9.0,8.9,9.0,433612.0
NCCBLMF1,2022-02-06,7.1,7.1,7.0,7.0,11989.0
NCCBLMF1,2022-02-03,8.1,8.1,8.1,8.1,23170.0
NCCBLMF1,2022-02-02,8.6,8.8,8.6,8.7,59561.0
NCCBLMF1,2022-02-01,8.8,8.9,8.8,8.8,41500.0
NCCBLMF1,2022-01-31,8.6,8.6,8.4,8.5,60200.0
NCCBLMF1,2022-01-30,8.7,8.7,8.5,8.6,36164.0
NCCBLMF1,2022-01-27,8.7,8.7,8.6,8.7,18902.0
NCCBLMF1,2022-01-26,8.6,8.7,8.5,8.5,85914.0
NCCBLMF1,2022-01-25,8.7,8.7,8.6,8.6,134347.0
NCCBLMF1,2022-01-24,8.8,8.8,8.6,8.7,62180.0
NCCBLMF1,2022-01-23,8.8,8.8,8.7,8.7,33100.0
NCCBLMF1,2022-01-20,8.8,8.8,8.7,8.7,218745.0
NCCBLMF1,2022-01-19,8.8,8.8,8.7,8.8,10935.0
NCCBLMF1,2022-01-18,8.8,8.9,8.6,8.7,89429.0
NCCBLMF1,2022-01-17,8.8,8.8,8.8,8.8,55899.0
NCCBLMF1,2022-01-16,8.8,8.9,8.8,8.8,178622.0
NCCBLMF1,2022-01-13,8.8,9.0,8.7,8.9,49230.0
NCCBLMF1,2022-01-06,7.0,7.1,7.0,7.0,68370.0
NCCBLMF1,2022-01-02,8.6,8.8,8.6,8.7,228787.0
NCCBLMF1,2021-12-30,8.7,8.7,8.7,8.7,2020.0
NCCBLMF1,2021-12-29,8.6,8.7,8.6,8.7,6750.0
NCCBLMF1,2021-12-28,8.5,8.7,8.5,8.6,73426.0
NCCBLMF1,2021-12-27,8.5,8.6,8.4,8.5,78913.0
NCCBLMF1,2021-12-26,8.6,8.6,8.5,8.5,102379.0
NCCBLMF1,2021-12-23,8.7,8.7,8.6,8.6,484100.0
NCCBLMF1,2021-12-22,8.7,8.8,8.6,8.7,120031.0
NCCBLMF1,2021-12-21,8.7,8.8,8.7,8.7,83400.0
NCCBLMF1,2021-12-20,8.7,8.7,8.7,8.7,64644.0
NCCBLMF1,2021-12-19,8.8,8.9,8.7,8.8,261965.0
NCCBLMF1,2021-12-15,8.8,8.9,8.8,8.8,145071.0
NCCBLMF1,2021-12-14,8.8,8.8,8.7,8.8,32100.0
NCCBLMF1,2021-12-13,8.8,8.8,8.8,8.8,76513.0
NCCBLMF1,2021-12-12,8.9,8.9,8.8,8.8,137420.0
NCCBLMF1,2021-12-10,9.0,9.0,8.8,8.9,78136.0
NCCBLMF1,2021-12-09,8.9,9.0,8.8,8.8,688991.0
NCCBLMF1,2021-12-08,8.6,8.7,8.5,8.5,418059.0
NCCBLMF1,2021-12-07,8.7,8.8,8.5,8.6,483149.0
NCCBLMF1,2021-12-05,7.8,7.8,7.5,7.5,496119.0
NCCBLMF1,2021-12-04,6.2,6.3,6.2,6.2,186760.0
NCCBLMF1,2021-12-01,9.3,9.4,9.0,9.1,2678485.0
NCCBLMF1,2021-11-30,8.7,8.7,8.6,8.6,53773.0
NCCBLMF1,2021-11-29,8.7,8.7,8.6,8.7,67452.0
NCCBLMF1,2021-11-28,8.7,8.8,8.6,8.7,147600.0
NCCBLMF1,2021-11-25,8.7,8.8,8.6,8.7,158087.0
NCCBLMF1,2021-11-24,8.7,8.7,8.7,8.7,267690.0
NCCBLMF1,2021-11-23,8.8,8.8,8.7,8.7,112021.0
NCCBLMF1,2021-11-22,8.8,8.9,8.8,8.8,170199.0
NCCBLMF1,2021-11-21,8.9,9.0,8.8,8.9,354975.0
NCCBLMF1,2021-11-18,8.8,8.9,8.7,8.8,190712.0
NCCBLMF1,2021-11-17,8.7,8.8,8.7,8.7,127330.0
NCCBLMF1,2021-11-16,8.7,8.7,8.6,8.7,45717.0
NCCBLMF1,2021-11-15,8.6,8.8,8.6,8.6,153401.0
NCCBLMF1,2021-11-14,8.8,8.8,8.6,8.7,46009.0
NCCBLMF1,2021-11-11,8.7,8.8,8.6,8.7,209210.0
NCCBLMF1,2021-11-10,9.0,9.0,8.9,8.9,202256.0
NCCBLMF1,2021-11-08,8.8,8.8,8.6,8.6,315733.0
NCCBLMF1,2021-11-05,7.5,7.8,7.5,7.7,493568.0
NCCBLMF1,2021-11-04,6.2,6.4,6.1,6.3,222900.0
NCCBLMF1,2021-11-03,7.3,7.4,7.2,7.3,247367.0
NCCBLMF1,2021-11-02,8.9,9.1,8.8,9.0,923146.0
NCCBLMF1,2021-11-01,9.8,9.9,9.2,9.3,1484784.0
NCCBLMF1,2021-10-31,8.8,8.9,8.7,8.8,47037.0
NCCBLMF1,2021-10-28,8.8,8.8,8.7,8.8,167985.0
NCCBLMF1,2021-10-27,8.8,8.8,8.7,8.8,106247.0
NCCBLMF1,2021-10-26,8.6,8.7,8.6,8.7,167395.0
NCCBLMF1,2021-10-25,8.7,8.7,8.6,8.6,376858.0
NCCBLMF1,2021-10-24,8.6,8.8,8.6,8.7,368590.0
NCCBLMF1,2021-10-21,8.8,8.8,8.6,8.7,106214.0
NCCBLMF1,2021-10-19,8.8,8.8,8.6,8.7,114494.0
NCCBLMF1,2021-10-18,8.9,8.9,8.6,8.7,108503.0
NCCBLMF1,2021-10-17,8.9,8.9,8.7,8.8,116500.0
NCCBLMF1,2021-10-14,8.8,8.9,8.7,8.8,267284.0
NCCBLMF1,2021-10-13,8.9,8.9,8.8,8.9,171905.0
NCCBLMF1,2021-10-11,8.7,8.7,8.7,8.7,88000.0
NCCBLMF1,2021-10-10,8.7,9.4,8.7,9.1,797081.0
NCCBLMF1,2021-10-08,8.8,8.8,8.7,8.7,352366.0
NCCBLMF1,2021-10-06,7.9,8.0,7.8,7.9,419226.0
NCCBLMF1,2021-10-03,7.2,7.4,7.2,7.3,267498.0
NCCBLMF1,2021-10-02,9.0,9.0,8.8,8.9,761119.0
NCCBLMF1,2021-10-01,9.7,10.0,9.5,9.6,2153768.0
NCCBLMF1,2021-09-30,8.7,8.7,8.6,8.7,439485.0
NCCBLMF1,2021-09-29,8.7,8.7,8.6,8.7,284151.0
NCCBLMF1,2021-09-28,8.7,8.8,8.6,8.7,107970.0
NCCBLMF1,2021-09-27,8.7,8.7,8.6,8.7,49452.0
NCCBLMF1,2021-09-26,8.8,8.8,8.5,8.7,507583.0
NCCBLMF1,2021-09-23,8.8,8.9,8.8,8.8,67224.0
NCCBLMF1,2021-09-22,8.9,8.9,8.8,8.8,514754.0
NCCBLMF1,2021-09-21,8.9,8.9,8.8,8.8,245868.0
NCCBLMF1,2021-09-20,8.8,8.8,8.7,8.8,151451.0
NCCBLMF1,2021-09-19,8.8,8.8,8.7,8.7,148334.0
NCCBLMF1,2021-09-16,8.8,8.9,8.7,8.8,252930.0
NCCBLMF1,2021-09-15,8.8,8.8,8.7,8.8,297943.0
NCCBLMF1,2021-09-14,8.8,8.8,8.7,8.7,240987.0
NCCBLMF1,2021-09-13,8.8,8.9,8.7,8.8,292164.0
NCCBLMF1,2021-09-12,8.9,8.9,8.8,8.8,99881.0
NCCBLMF1,2021-09-11,8.6,8.7,8.5,8.6,51560.0
NCCBLMF1,2021-09-09,8.7,8.8,8.7,8.8,642480.0
NCCBLMF1,2021-09-08,8.8,9.0,8.7,8.8,536529.0
NCCBLMF1,2021-09-06,7.5,7.8,7.4,7.7,843601.0
NCCBLMF1,2021-09-05,7.7,7.7,7.3,7.5,702303.0
NCCBLMF1,2021-09-03,7.4,7.7,7.1,7.3,983825.0
NCCBLMF1,2021-09-02,8.9,8.9,8.8,8.9,626674.0
NCCBLMF1,2021-08-31,8.6,8.6,8.4,8.5,279714.0
NCCBLMF1,2021-08-29,8.7,8.7,8.6,8.6,160097.0
NCCBLMF1,2021-08-26,8.7,8.8,8.6,8.7,501863.0
NCCBLMF1,2021-08-25,8.7,8.8,8.6,8.7,94851.0
NCCBLMF1,2021-08-24,8.6,8.7,8.6,8.6,459005.0
NCCBLMF1,2021-08-23,8.7,8.7,8.6,8.6,208563.0
NCCBLMF1,2021-08-22,8.8,8.8,8.6,8.6,409893.0
NCCBLMF1,2021-08-19,8.6,8.8,8.6,8.7,43460.0
NCCBLMF1,2021-08-18,8.8,8.8,8.6,8.6,264973.0
NCCBLMF1,2021-08-17,8.6,8.9,8.6,8.8,426417.0
NCCBLMF1,2021-08-16,8.8,8.8,8.5,8.6,145120.0
NCCBLMF1,2021-08-12,8.8,8.9,8.7,8.8,137259.0
NCCBLMF1,2021-08-11,8.6,8.6,8.5,8.6,302602.0
NCCBLMF1,2021-08-09,8.6,8.7,8.6,8.7,255753.0
NCCBLMF1,2021-08-07,9.0,9.0,8.5,8.8,697415.0
NCCBLMF1,2021-08-06,7.8,7.8,7.5,7.6,627205.0
NCCBLMF1,2021-08-04,6.5,6.5,6.3,6.3,76970.0
NCCBLMF1,2021-08-03,7.5,7.5,7.3,7.4,381072.0
NCCBLMF1,2021-08-02,8.9,9.0,8.6,8.7,667105.0
NCCBLMF1,2021-07-29,8.9,9.1,8.9,9.0,425355.0
NCCBLMF1,2021-07-28,9.0,9.1,8.9,8.9,216468.0
NCCBLMF1,2021-07-27,9.0,9.1,8.9,8.9,606368.0
NCCBLMF1,2021-07-26,9.1,9.2,8.9,9.0,575983.0
NCCBLMF1,2021-07-25,9.2,9.2,9.0,9.0,727911.0
NCCBLMF1,2021-07-19,9.3,9.3,9.0,9.1,654102.0
NCCBLMF1,2021-07-18,9.0,9.5,9.0,9.3,1539210.0
NCCBLMF1,2021-07-15,8.8,9.0,8.8,8.9,722952.0
NCCBLMF1,2021-07-14,8.6,8.9,8.5,8.8,745224.0
NCCBLMF1,2021-07-13,8.8,8.9,8.5,8.6,501566.0
NCCBLMF1,2021-07-12,8.8,8.9,8.8,8.9,46084.0
NCCBLMF1,2021-07-11,8.7,8.7,8.6,8.6,85702.0
NCCBLMF1,2021-07-10,8.7,8.7,8.6,8.6,119583.0
NCCBLMF1,2021-07-09,8.7,8.7,8.5,8.6,168601.0
NCCBLMF1,2021-07-07,8.6,9.1,8.5,8.9,2396783.0
NCCBLMF1,2021-07-06,8.0,8.2,7.6,7.8,519136.0
NCCBLMF1,2021-07-04,6.4,6.7,6.3,6.6,204607.0
NCCBLMF1,2021-07-03,7.7,7.7,7.4,7.5,410506.0
NCCBLMF1,2021-07-02,8.9,9.3,8.8,8.9,1950956.0
NCCBLMF1,2021-07-01,9.3,9.6,9.2,9.5,1137285.0
NCCBLMF1,2021-06-30,8.1,8.2,7.9,8.1,205715.0
NCCBLMF1,2021-06-29,8.0,8.1,7.8,7.9,183535.0
NCCBLMF1,2021-06-28,8.0,8.1,7.8,7.9,167147.0
NCCBLMF1,2021-06-27,8.3,8.3,7.6,7.8,385859.0
NCCBLMF1,2021-06-24,8.5,8.5,8.1,8.2,208632.0
NCCBLMF1,2021-06-23,8.1,8.4,8.0,8.4,1221292.0
NCCBLMF1,2021-06-22,8.1,8.1,7.9,8.0,322295.0
NCCBLMF1,2021-06-21,7.8,8.2,7.8,8.1,217991.0
NCCBLMF1,2021-06-20,7.8,7.9,7.6,7.8,159639.0
NCCBLMF1,2021-06-17,7.9,8.0,7.8,7.8,301981.0
NCCBLMF1,2021-06-16,7.8,8.0,7.8,7.9,201027.0
NCCBLMF1,2021-06-15,8.0,8.0,7.8,7.8,151290.0
NCCBLMF1,2021-06-14,8.2,8.2,7.8,8.0,405855.0
NCCBLMF1,2021-06-13,7.9,8.3,7.5,8.1,847826.0
NCCBLMF1,2021-06-12,8.7,8.9,8.7,8.8,166959.0
NCCBLMF1,2021-06-10,8.6,8.7,8.6,8.6,249234.0
NCCBLMF1,2021-06-09,8.5,8.7,8.4,8.5,408992.0
NCCBLMF1,2021-06-07,8.3,8.5,8.3,8.4,602551.0
NCCBLMF1,2021-06-06,8.3,8.3,7.9,8.0,710986.0
NCCBLMF1,2021-06-05,7.8,8.0,7.5,7.6,1139905.0
NCCBLMF1,2021-06-04,6.4,6.5,6.2,6.4,268640.0
NCCBLMF1,2021-06-01,9.5,9.6,9.1,9.2,972291.0
NCCBLMF1,2021-05-31,8.6,8.6,8.4,8.5,449064.0
NCCBLMF1,2021-05-30,8.5,8.8,8.5,8.6,774149.0
NCCBLMF1,2021-05-27,8.5,8.5,8.3,8.4,653014.0
NCCBLMF1,2021-05-25,8.5,8.6,8.3,8.4,558669.0
NCCBLMF1,2021-05-24,8.0,8.6,8.0,8.5,367330.0
NCCBLMF1,2021-05-23,8.4,8.4,8.0,8.2,684958.0
NCCBLMF1,2021-05-20,8.5,8.9,8.2,8.4,1779277.0
NCCBLMF1,2021-05-19,8.0,8.6,7.7,8.4,2016457.0
NCCBLMF1,2021-05-18,7.9,8.2,7.8,8.0,1233012.0
NCCBLMF1,2021-05-17,7.8,8.1,7.6,7.9,1303528.0
NCCBLMF1,2021-05-16,7.7,7.7,7.5,7.6,470822.0
NCCBLMF1,2021-05-12,8.7,8.8,8.7,8.7,35295.0
NCCBLMF1,2021-05-10,8.6,8.7,8.6,8.6,72302.0
NCCBLMF1,2021-05-09,8.5,8.7,8.4,8.5,814546.0
NCCBLMF1,2021-05-08,8.9,9.1,8.8,9.0,684488.0
NCCBLMF1,2021-05-07,8.2,8.3,8.0,8.2,335920.0
NCCBLMF1,2021-05-05,7.1,7.8,7.1,7.5,1082347.0
NCCBLMF1,2021-05-04,6.2,6.4,6.2,6.2,55311.0
NCCBLMF1,2021-05-01,9.2,10.0,9.0,9.4,3761944.0
NCCBLMF1,2021-04-29,7.0,7.1,6.9,6.9,381165.0
NCCBLMF1,2021-04-28,7.0,7.0,6.9,7.0,174830.0
NCCBLMF1,2021-04-27,7.0,7.1,6.8,6.8,692726.0
NCCBLMF1,2021-04-26,7.2,7.2,7.0,7.1,194428.0
NCCBLMF1,2021-04-25,7.4,7.4,7.2,7.2,191155.0
NCCBLMF1,2021-04-22,7.2,7.3,7.0,7.2,534241.0
NCCBLMF1,2021-04-21,7.2,7.3,7.0,7.1,139323.0
NCCBLMF1,2021-04-20,7.2,7.4,7.2,7.3,618270.0
NCCBLMF1,2021-04-19,7.2,7.2,7.0,7.1,246253.0
NCCBLMF1,2021-04-18,7.1,7.3,7.0,7.2,411941.0
NCCBLMF1,2021-04-15,6.8,7.0,6.5,7.0,681910.0
NCCBLMF1,2021-04-13,6.4,6.4,6.2,6.4,64071.0
NCCBLMF1,2021-04-11,8.7,8.7,8.6,8.6,266456.0
NCCBLMF1,2021-04-10,8.7,8.7,8.6,8.6,117111.0
NCCBLMF1,2021-04-05,7.3,7.3,7.0,7.2,925336.0
NCCBLMF1,2021-04-04,6.2,6.3,6.0,6.1,370704.0
NCCBLMF1,2021-04-03,7.7,7.7,7.5,7.5,484349.0
NCCBLMF1,2021-04-02,8.8,8.9,8.7,8.8,923780.0
NCCBLMF1,2021-04-01,9.4,9.6,9.0,9.1,2135514.0
NCCBLMF1,2021-03-31,6.4,6.5,6.2,6.4,485408.0
NCCBLMF1,2021-03-29,6.1,6.8,6.1,6.5,523458.0
NCCBLMF1,2021-03-28,6.1,6.3,6.0,6.2,126266.0
NCCBLMF1,2021-03-25,6.2,6.2,6.1,6.2,116146.0
NCCBLMF1,2021-03-24,6.3,6.3,6.2,6.2,76886.0
NCCBLMF1,2021-03-23,6.4,6.4,6.2,6.3,73585.0
NCCBLMF1,2021-03-22,6.6,6.6,6.2,6.3,139773.0
NCCBLMF1,2021-03-21,6.7,6.7,6.2,6.4,203500.0
NCCBLMF1,2021-03-18,6.9,7.0,6.7,6.8,377125.0
NCCBLMF1,2021-03-16,7.1,7.2,6.9,7.0,178833.0
NCCBLMF1,2021-03-15,7.2,7.2,7.1,7.1,107918.0
NCCBLMF1,2021-03-14,7.3,7.4,7.1,7.2,293149.0
NCCBLMF1,2021-03-11,8.8,8.9,8.6,8.6,157211.0
NCCBLMF1,2021-03-10,8.8,8.8,8.6,8.7,203628.0
NCCBLMF1,2021-03-08,8.9,9.0,8.8,8.8,759745.0
NCCBLMF1,2021-03-06,8.4,8.5,8.3,8.3,316234.0
NCCBLMF1,2021-03-05,7.0,7.0,6.9,6.9,130501.0
NCCBLMF1,2021-03-03,7.9,7.9,7.6,7.7,577158.0
NCCBLMF1,2021-03-02,9.0,9.1,8.7,8.9,1404457.0
NCCBLMF1,2021-03-01,9.0,9.3,9.0,9.2,1860375.0
NCCBLMF1,2021-02-28,7.7,7.9,7.6,7.6,328292.0
NCCBLMF1,2021-02-25,7.7,7.9,7.6,7.7,312159.0
NCCBLMF1,2021-02-24,7.6,8.0,7.6,7.7,626670.0
NCCBLMF1,2021-02-23,8.2,8.2,8.1,8.1,177718.0
NCCBLMF1,2021-02-18,9.0,9.0,8.9,9.0,736188.0
NCCBLMF1,2021-02-17,9.0,9.0,8.8,9.0,718677.0
NCCBLMF1,2021-02-16,9.0,9.0,8.9,8.9,591362.0
NCCBLMF1,2021-02-15,8.9,9.1,8.8,9.0,526046.0
NCCBLMF1,2021-02-14,9.0,9.0,8.8,8.9,508001.0
NCCBLMF1,2021-02-12,8.7,8.8,8.7,8.7,75229.0
NCCBLMF1,2021-02-11,8.8,8.9,8.7,8.7,160181.0
NCCBLMF1,2021-02-09,8.6,8.7,8.5,8.5,255276.0
NCCBLMF1,2021-02-08,8.9,8.9,8.7,8.8,879168.0
NCCBLMF1,2021-02-06,8.4,8.5,8.3,8.4,301630.0
NCCBLMF1,2021-02-05,7.1,7.1,6.9,7.0,110500.0
NCCBLMF1,2021-02-03,7.8,8.0,7.7,7.9,411314.0
NCCBLMF1,2021-02-02,9.2,9.3,9.0,9.0,697998.0
NCCBLMF1,2021-01-31,9.5,9.5,9.3,9.4,1085237.0
NCCBLMF1,2021-01-28,9.4,9.6,9.4,9.4,1556112.0
NCCBLMF1,2021-01-27,9.1,9.3,9.1,9.3,852613.0
NCCBLMF1,2021-01-26,9.2,9.3,9.1,9.1,1645022.0
NCCBLMF1,2021-01-25,9.2,9.3,9.0,9.2,1569142.0
NCCBLMF1,2021-01-24,9.1,9.2,8.9,9.0,517719.0
NCCBLMF1,2021-01-21,9.1,9.2,9.0,9.2,1417836.0
NCCBLMF1,2021-01-20,9.2,9.2,9.0,9.1,1412526.0
NCCBLMF1,2021-01-19,9.0,9.2,8.9,9.1,1270230.0
NCCBLMF1,2021-01-18,9.1,9.2,8.9,9.0,2182958.0
NCCBLMF1,2021-01-17,9.3,9.4,9.0,9.1,3262865.0
NCCBLMF1,2021-01-14,9.4,9.6,9.2,9.3,1850698.0
NCCBLMF1,2021-01-13,9.1,9.5,9.1,9.2,2208433.0
NCCBLMF1,2021-01-12,8.7,8.8,8.7,8.7,54313.0
NCCBLMF1,2021-01-11,8.8,8.9,8.7,8.8,203179.0
NCCBLMF1,2021-01-09,8.6,8.6,8.5,8.6,471519.0
NCCBLMF1,2021-01-06,8.5,8.5,8.0,8.4,718277.0
NCCBLMF1,2021-01-04,6.2,6.5,6.2,6.5,263075.0
NCCBLMF1,2021-01-03,7.6,7.9,7.5,7.8,348586.0
NCCBLMF1,2021-01-02,9.7,9.7,9.0,9.1,3324659.0
NCCBLMF1,2020-12-30,8.8,9.2,8.7,8.9,2128905.0
NCCBLMF1,2020-12-29,9.2,9.2,8.7,8.8,1261939.0
NCCBLMF1,2020-12-28,8.7,9.1,8.6,9.0,2731044.0
NCCBLMF1,2020-12-27,8.5,8.9,8.5,8.6,1626821.0
NCCBLMF1,2020-12-24,8.1,8.6,8.1,8.5,1376932.0
NCCBLMF1,2020-12-23,8.3,8.4,8.0,8.1,1249490.0
NCCBLMF1,2020-12-22,8.2,8.4,8.2,8.3,1171574.0
NCCBLMF1,2020-12-21,8.2,8.5,8.1,8.2,2831645.0
NCCBLMF1,2020-12-20,9.0,9.0,8.5,8.6,2114795.0
NCCBLMF1,2020-12-17,9.3,9.4,8.9,9.0,2955686.0
NCCBLMF1,2020-12-15,8.8,9.3,8.7,9.1,2953898.0
NCCBLMF1,2020-12-14,8.5,8.9,8.5,8.7,2247548.0
NCCBLMF1,2020-12-13,8.7,8.9,8.4,8.5,1871026.0
NCCBLMF1,2020-12-11,9.3,10.2,9.3,10.2,7251426.0
NCCBLMF1,2020-12-10,8.2,8.3,7.4,7.5,2108419.0
NCCBLMF1,2020-12-08,5.8,5.9,5.7,5.9,3000.0
NCCBLMF1,2020-12-07,5.9,5.9,5.9,5.9,1.0
NCCBLMF1,2020-12-03,5.8,5.9,5.8,5.8,2974.0
NCCBLMF1,2020-12-02,6.2,6.3,6.0,6.0,81135.0
NCCBLMF1,2020-12-01,5.8,5.8,5.8,5.8,37.0
NCCBLMF1,2020-11-30,9.6,9.6,8.7,9.0,2065479.0
NCCBLMF1,2020-11-29,10.1,10.2,9.3,9.5,2110621.0
NCCBLMF1,2020-11-26,9.7,10.1,9.7,9.9,2267723.0
NCCBLMF1,2020-11-25,9.9,10.1,9.4,9.6,3307945.0
NCCBLMF1,2020-11-24,9.8,10.1,9.4,10.1,4651750.0
NCCBLMF1,2020-11-23,8.8,9.3,8.3,9.2,3393882.0
NCCBLMF1,2020-11-22,9.4,9.6,8.5,8.7,2618793.0
NCCBLMF1,2020-11-19,10.5,10.5,9.2,9.2,3390220.0
NCCBLMF1,2020-11-18,9.8,10.3,9.3,10.2,3055831.0
NCCBLMF1,2020-11-17,11.5,11.6,10.3,10.3,6368917.0
NCCBLMF1,2020-11-16,11.8,11.9,10.9,11.4,7144141.0
NCCBLMF1,2020-11-15,10.9,11.2,10.8,11.2,9046235.0
NCCBLMF1,2020-11-11,8.5,9.3,8.5,9.3,9426919.0
NCCBLMF1,2020-11-10,7.8,8.1,7.7,8.1,3340305.0
NCCBLMF1,2020-11-03,6.1,6.1,6.0,6.0,133710.0
NCCBLMF1,2020-11-02,5.9,6.1,5.9,6.1,169752.0
NCCBLMF1,2020-10-29,8.3,8.3,7.8,7.9,1263799.0
NCCBLMF1,2020-10-28,7.6,8.1,7.5,8.0,2102284.0
NCCBLMF1,2020-10-27,7.6,7.7,7.3,7.4,656078.0
NCCBLMF1,2020-10-25,7.3,7.6,7.1,7.4,2321850.0
NCCBLMF1,2020-10-22,7.2,7.3,7.0,7.1,508960.0
NCCBLMF1,2020-10-21,7.3,7.3,7.0,7.1,601478.0
NCCBLMF1,2020-10-20,7.2,7.3,7.2,7.2,860111.0
NCCBLMF1,2020-10-19,7.1,7.3,6.8,7.2,939028.0
NCCBLMF1,2020-10-18,7.2,7.3,7.0,7.1,591045.0
NCCBLMF1,2020-10-15,7.0,7.2,6.8,7.1,2400848.0
NCCBLMF1,2020-10-14,7.3,7.3,6.9,6.9,1841985.0
NCCBLMF1,2020-10-13,7.6,7.7,7.2,7.3,2500532.0
NCCBLMF1,2020-10-12,8.9,8.9,8.7,8.8,1287683.0
NCCBLMF1,2020-10-11,8.0,8.6,7.9,8.5,1633065.0
NCCBLMF1,2020-10-09,6.2,6.4,6.2,6.3,49400.0
NCCBLMF1,2020-10-08,6.0,6.0,5.7,5.9,20856.0
NCCBLMF1,2020-10-03,5.9,6.0,5.8,5.9,9379.0
NCCBLMF1,2020-10-02,5.9,5.9,5.8,5.8,16565.0
NCCBLMF1,2020-09-30,6.8,7.3,6.8,7.2,2336265.0
NCCBLMF1,2020-09-29,6.8,6.9,6.7,6.8,329891.0
NCCBLMF1,2020-09-28,6.7,6.9,6.6,6.7,608320.0
NCCBLMF1,2020-09-27,6.8,6.9,6.7,6.8,325355.0
NCCBLMF1,2020-09-24,6.8,6.9,6.7,6.8,333716.0
NCCBLMF1,2020-09-23,6.7,6.9,6.3,6.7,164507.0
NCCBLMF1,2020-09-22,7.0,7.0,6.4,6.6,94833.0
NCCBLMF1,2020-09-21,6.3,6.9,6.3,6.6,676089.0
NCCBLMF1,2020-09-20,6.4,6.4,6.3,6.3,23000.0
NCCBLMF1,2020-09-17,6.2,6.4,6.2,6.3,18003.0
NCCBLMF1,2020-09-16,6.4,6.5,6.2,6.2,124299.0
NCCBLMF1,2020-09-15,6.5,6.5,6.3,6.4,63600.0
NCCBLMF1,2020-09-14,6.6,6.6,6.4,6.5,103401.0
NCCBLMF1,2020-09-13,6.4,6.6,6.4,6.5,80962.0
NCCBLMF1,2020-09-12,9.0,9.1,8.8,8.9,960418.0
NCCBLMF1,2020-09-11,8.5,8.5,8.0,8.0,1258935.0
NCCBLMF1,2020-09-09,6.5,6.5,6.2,6.3,32928.0
NCCBLMF1,2020-09-08,6.0,6.1,5.8,5.9,54900.0
NCCBLMF1,2020-09-07,5.9,5.9,5.9,5.9,2000.0
NCCBLMF1,2020-09-03,5.9,5.9,5.7,5.7,81280.0
NCCBLMF1,2020-09-02,5.9,5.9,5.8,5.8,39210.0
NCCBLMF1,2020-09-01,5.7,5.8,5.6,5.7,18101.0
NCCBLMF1,2020-08-31,6.8,7.0,6.6,6.7,154006.0
NCCBLMF1,2020-08-27,7.0,7.1,6.7,6.8,495077.0
NCCBLMF1,2020-08-26,6.6,7.0,6.4,6.9,562495.0
NCCBLMF1,2020-08-25,6.9,7.0,6.6,6.6,912655.0
NCCBLMF1,2020-08-24,6.2,6.6,6.1,6.6,746032.0
NCCBLMF1,2020-08-23,6.4,6.4,6.0,6.0,187065.0
NCCBLMF1,2020-08-20,6.3,6.3,6.1,6.1,176034.0
NCCBLMF1,2020-08-19,6.5,6.8,6.3,6.5,280016.0
NCCBLMF1,2020-08-18,6.1,6.6,6.1,6.3,256928.0
NCCBLMF1,2020-08-17,6.3,6.8,6.0,6.1,738103.0
NCCBLMF1,2020-08-16,6.0,6.3,6.0,6.2,342210.0
NCCBLMF1,2020-08-13,5.7,5.9,5.7,5.8,62740.0
NCCBLMF1,2020-08-12,9.0,9.2,8.9,9.0,1682714.0
NCCBLMF1,2020-08-11,8.3,8.5,8.2,8.4,1715023.0
NCCBLMF1,2020-08-10,8.0,8.2,7.5,7.5,2114866.0
NCCBLMF1,2020-08-09,6.5,6.5,6.3,6.4,174240.0
NCCBLMF1,2020-08-07,5.9,5.9,5.9,5.9,1.0
NCCBLMF1,2020-08-06,5.9,5.9,5.9,5.9,8400.0
NCCBLMF1,2020-08-03,6.0,6.0,6.0,6.0,67699.0
NCCBLMF1,2020-08-01,5.8,5.8,5.7,5.8,14521.0
NCCBLMF1,2020-07-30,5.9,5.9,5.9,5.9,1000.0
NCCBLMF1,2020-07-29,5.9,5.9,5.9,5.9,3671.0
NCCBLMF1,2020-07-27,5.9,5.9,5.9,5.9,14154.0
NCCBLMF1,2020-07-26,5.9,5.9,5.9,5.9,32811.0
NCCBLMF1,2020-07-15,5.9,5.9,5.9,5.9,500.0
NCCBLMF1,2020-07-12,8.7,9.0,8.7,8.9,1368165.0
NCCBLMF1,2020-07-10,7.4,7.9,7.4,7.9,3496159.0
NCCBLMF1,2020-07-09,6.6,6.7,6.4,6.5,94124.0
NCCBLMF1,2020-07-01,5.9,6.0,5.9,6.0,68506.0
NCCBLMF1,2020-06-30,5.9,5.9,5.9,5.9,2.0
NCCBLMF1,2020-06-24,5.9,5.9,5.9,5.9,1.0
NCCBLMF1,2020-06-22,5.9,5.9,5.9,5.9,1.0
NCCBLMF1,2020-06-18,5.9,5.9,5.9,5.9,1.0
NCCBLMF1,2020-06-12,9.2,9.3,8.7,8.7,958689.0
NCCBLMF1,2020-06-10,7.1,7.3,7.1,7.3,1567110.0
NCCBLMF1,2020-06-09,6.5,6.6,6.5,6.5,111597.0
NCCBLMF1,2020-06-08,5.7,6.2,5.7,5.9,34356.0
NCCBLMF1,2020-06-07,5.9,5.9,5.9,5.9,1.0
NCCBLMF1,2020-06-02,5.8,5.9,5.8,5.9,201.0
NCCBLMF1,2020-06-01,5.9,6.0,5.9,6.0,250220.0
NCCBLMF1,2020-05-11,8.0,8.2,8.0,8.0,797337.0
NCCBLMF1,2020-05-10,7.3,7.3,7.0,7.1,1056246.0
NCCBLMF1,2020-05-08,5.9,5.9,5.7,5.7,23310.0
NCCBLMF1,2020-05-03,6.1,6.1,6.1,6.1,23151.0
NCCBLMF1,2020-05-02,5.8,5.9,5.8,5.8,104698.0
NCCBLMF1,2020-05-01,6.0,6.1,5.9,6.0,223820.0
NCCBLMF1,2020-04-11,8.1,8.2,7.9,7.9,834688.0
NCCBLMF1,2020-04-10,7.5,7.8,7.2,7.3,2087675.0
NCCBLMF1,2020-04-08,5.9,6.0,5.9,5.9,5273.0
NCCBLMF1,2020-04-03,6.2,6.4,6.1,6.1,464855.0
NCCBLMF1,2020-04-02,5.9,5.9,5.8,5.8,26011.0
NCCBLMF1,2020-03-25,5.8,5.8,5.8,5.8,1880.0
NCCBLMF1,2020-03-23,5.9,5.9,5.9,5.9,250.0
NCCBLMF1,2020-03-18,5.6,5.6,5.2,5.4,2040.0
NCCBLMF1,2020-03-16,5.8,5.8,5.5,5.7,40105.0
NCCBLMF1,2020-03-15,5.8,5.8,5.8,5.8,121812.0
NCCBLMF1,2020-03-12,8.8,9.1,8.7,9.1,1442431.0
NCCBLMF1,2020-03-11,8.0,8.4,7.9,8.1,1848203.0
NCCBLMF1,2020-03-09,6.3,6.6,6.3,6.4,131721.0
NCCBLMF1,2020-03-03,6.1,6.2,6.0,6.2,8099.0
NCCBLMF1,2020-03-02,5.8,5.8,5.8,5.8,5775.0
NCCBLMF1,2020-02-27,6.2,6.2,6.1,6.2,182136.0
NCCBLMF1,2020-02-26,6.3,6.4,6.1,6.2,354294.0
NCCBLMF1,2020-02-25,6.1,6.3,6.1,6.2,96473.0
NCCBLMF1,2020-02-24,6.0,6.3,5.9,6.2,252160.0
NCCBLMF1,2020-02-23,6.2,6.4,5.9,5.9,56081.0
NCCBLMF1,2020-02-20,6.4,6.4,6.2,6.2,332325.0
NCCBLMF1,2020-02-19,6.3,6.4,6.2,6.3,579289.0
NCCBLMF1,2020-02-18,6.3,6.3,6.2,6.2,333735.0
NCCBLMF1,2020-02-17,6.1,6.3,6.1,6.2,275074.0
NCCBLMF1,2020-02-16,6.0,6.2,6.0,6.2,53560.0
NCCBLMF1,2020-02-13,6.1,6.1,6.0,6.0,72575.0
NCCBLMF1,2020-02-12,9.1,9.1,8.7,8.8,1388546.0
NCCBLMF1,2020-02-11,7.9,8.2,7.8,8.1,2013371.0
NCCBLMF1,2020-02-09,6.5,6.5,6.1,6.3,130901.0
NCCBLMF1,2020-02-03,6.0,6.1,5.9,6.0,11102.0
NCCBLMF1,2020-02-02,5.8,5.9,5.8,5.8,151941.0
NCCBLMF1,2020-02-01,5.9,6.0,5.9,6.0,240102.0
NCCBLMF1,2020-01-30,5.7,5.9,5.7,5.8,77954.0
NCCBLMF1,2020-01-29,5.8,5.8,5.8,5.8,95419.0
NCCBLMF1,2020-01-28,5.8,5.8,5.8,5.8,6700.0
NCCBLMF1,2020-01-27,5.9,5.9,5.8,5.9,200.0
NCCBLMF1,2020-01-26,5.9,6.0,5.9,5.9,3302.0
NCCBLMF1,2020-01-23,6.0,6.1,5.8,5.9,139779.0
NCCBLMF1,2020-01-22,5.7,6.0,5.7,6.0,60195.0
NCCBLMF1,2020-01-21,5.8,5.8,5.7,5.8,20027.0
NCCBLMF1,2020-01-20,5.6,5.9,5.6,5.9,111062.0
NCCBLMF1,2020-01-19,5.7,5.9,5.7,5.9,53.0
NCCBLMF1,2020-01-16,5.6,5.9,5.6,5.6,7032.0
NCCBLMF1,2020-01-15,5.6,5.7,5.6,5.6,1433.0
NCCBLMF1,2020-01-14,5.5,5.6,5.5,5.5,33698.0
NCCBLMF1,2020-01-13,5.7,5.7,5.3,5.5,164807.0
NCCBLMF1,2020-01-12,9.2,9.4,8.9,9.0,1332306.0
NCCBLMF1,2020-01-11,8.0,8.1,7.7,8.0,2462510.0
NCCBLMF1,2020-01-10,7.4,7.4,7.1,7.3,3535070.0
NCCBLMF1,2020-01-09,6.6,6.6,6.1,6.2,276150.0
NCCBLMF1,2020-01-06,5.9,5.9,5.9,5.9,1000.0
NCCBLMF1,2020-01-03,6.1,6.1,6.0,6.0,174795.0
NCCBLMF1,2020-01-01,5.9,6.0,5.8,6.0,137296.0
NCCBLMF1,2019-12-30,5.7,5.9,5.7,5.9,290060.0
NCCBLMF1,2019-12-29,5.9,5.9,5.8,5.9,412881.0
NCCBLMF1,2019-12-26,5.8,5.9,5.8,5.8,157857.0
NCCBLMF1,2019-12-24,5.6,5.8,5.6,5.8,234506.0
NCCBLMF1,2019-12-23,5.6,5.7,5.6,5.7,408690.0
NCCBLMF1,2019-12-22,5.6,5.6,5.5,5.6,22797.0
NCCBLMF1,2019-12-19,5.6,5.7,5.6,5.6,117340.0
NCCBLMF1,2019-12-18,5.6,5.6,5.5,5.5,54470.0
NCCBLMF1,2019-12-17,5.7,5.7,5.5,5.6,449701.0
NCCBLMF1,2019-12-15,5.7,5.7,5.6,5.6,40876.0
NCCBLMF1,2019-12-12,5.6,5.7,5.5,5.7,484926.0
NCCBLMF1,2019-12-11,5.6,5.6,5.4,5.5,218115.0
NCCBLMF1,2019-12-09,6.1,6.2,6.1,6.1,129000.0
NCCBLMF1,2019-12-06,6.7,6.9,6.7,6.9,14825.0
NCCBLMF1,2019-12-05,6.5,6.5,6.5,6.5,1.0
NCCBLMF1,2019-12-03,6.8,6.9,6.8,6.8,35189.0
NCCBLMF1,2019-12-02,7.6,7.8,7.6,7.7,43957.0
NCCBLMF1,2019-11-28,5.6,5.6,5.5,5.5,411491.0
NCCBLMF1,2019-11-27,5.5,5.7,5.5,5.6,370656.0
NCCBLMF1,2019-11-26,5.6,5.7,5.5,5.6,276959.0
NCCBLMF1,2019-11-25,5.7,5.7,5.5,5.6,243683.0
NCCBLMF1,2019-11-24,5.6,5.6,5.5,5.6,168214.0
NCCBLMF1,2019-11-21,5.6,5.7,5.6,5.7,498202.0
NCCBLMF1,2019-11-20,5.8,5.8,5.6,5.7,252776.0
NCCBLMF1,2019-11-19,5.7,5.9,5.7,5.8,719034.0
NCCBLMF1,2019-11-18,5.6,5.7,5.5,5.6,568082.0
NCCBLMF1,2019-11-17,5.6,5.7,5.5,5.5,611016.0
NCCBLMF1,2019-11-14,5.6,5.7,5.6,5.6,357407.0
NCCBLMF1,2019-11-13,5.6,5.7,5.5,5.6,350882.0
NCCBLMF1,2019-11-12,5.6,5.7,5.6,5.6,106205.0
NCCBLMF1,2019-11-11,5.6,5.7,5.5,5.6,155831.0
NCCBLMF1,2019-11-09,6.0,6.0,5.9,6.0,95352.0
NCCBLMF1,2019-11-07,7.6,7.9,7.5,7.6,494365.0
NCCBLMF1,2019-11-06,6.8,7.0,6.8,6.9,14364.0
NCCBLMF1,2019-11-04,6.9,6.9,6.9,6.9,2193.0
NCCBLMF1,2019-11-03,6.8,7.0,6.7,6.9,144012.0
NCCBLMF1,2019-11-02,7.4,7.6,7.3,7.5,24465.0
NCCBLMF1,2019-10-31,5.8,6.0,5.8,5.8,760960.0
NCCBLMF1,2019-10-30,5.7,5.8,5.7,5.8,460810.0
NCCBLMF1,2019-10-29,5.6,5.7,5.5,5.6,609256.0
NCCBLMF1,2019-10-28,5.8,5.8,5.5,5.5,1128114.0
NCCBLMF1,2019-10-27,5.8,5.9,5.7,5.8,736830.0
NCCBLMF1,2019-10-24,5.8,5.9,5.7,5.9,1237454.0
NCCBLMF1,2019-10-23,6.0,6.0,5.7,5.8,1138080.0
NCCBLMF1,2019-10-22,6.1,6.2,5.9,6.0,1876938.0
NCCBLMF1,2019-10-21,6.2,6.3,6.0,6.1,991520.0
NCCBLMF1,2019-10-20,6.3,6.4,6.1,6.2,985329.0
NCCBLMF1,2019-10-17,6.1,6.3,6.0,6.2,1551689.0
NCCBLMF1,2019-10-16,6.2,6.2,6.0,6.1,696813.0
NCCBLMF1,2019-10-15,6.1,6.3,6.0,6.1,1506874.0
NCCBLMF1,2019-10-14,6.0,6.2,6.0,6.0,1219495.0
NCCBLMF1,2019-10-13,6.2,6.3,6.0,6.0,851155.0
NCCBLMF1,2019-10-12,5.6,5.7,5.6,5.6,520706.0
NCCBLMF1,2019-10-10,6.5,6.5,6.0,6.1,2005514.0
NCCBLMF1,2019-10-07,7.6,7.7,7.4,7.5,139404.0
NCCBLMF1,2019-10-06,7.1,7.1,6.8,6.8,3690.0
NCCBLMF1,2019-10-04,6.8,6.9,6.7,6.7,1005.0
NCCBLMF1,2019-10-03,6.8,7.0,6.8,7.0,207577.0
NCCBLMF1,2019-10-02,7.5,7.5,7.4,7.4,63395.0
NCCBLMF1,2019-10-01,7.5,7.6,7.4,7.4,62831.0
NCCBLMF1,2019-09-30,6.2,6.5,6.2,6.3,717222.0
NCCBLMF1,2019-09-29,6.1,6.3,6.1,6.2,117811.0
NCCBLMF1,2019-09-26,6.2,6.2,6.1,6.2,31031.0
NCCBLMF1,2019-09-25,6.3,6.4,6.3,6.3,83650.0
NCCBLMF1,2019-09-24,6.1,6.3,6.1,6.1,649584.0
NCCBLMF1,2019-09-23,6.2,6.2,6.0,6.1,104772.0
NCCBLMF1,2019-09-22,5.9,6.1,5.9,6.0,15025.0
NCCBLMF1,2019-09-19,6.1,6.1,5.9,6.0,453560.0
NCCBLMF1,2019-09-18,6.1,6.2,6.1,6.1,50010.0
NCCBLMF1,2019-09-17,6.1,6.1,6.0,6.0,56332.0
NCCBLMF1,2019-09-16,6.1,6.1,6.0,6.0,100304.0
NCCBLMF1,2019-09-15,6.1,6.1,6.0,6.1,64010.0
NCCBLMF1,2019-09-12,5.6,5.7,5.5,5.5,135189.0
NCCBLMF1,2019-09-10,6.8,7.0,6.3,6.4,3169240.0
NCCBLMF1,2019-09-09,6.2,6.2,6.2,6.2,4053.0
NCCBLMF1,2019-09-07,7.8,7.9,7.6,7.7,514103.0
NCCBLMF1,2019-09-06,7.1,7.1,7.1,7.1,400.0
NCCBLMF1,2019-09-04,7.0,7.0,7.0,7.0,6.0
NCCBLMF1,2019-09-01,7.6,7.7,7.4,7.5,172033.0
NCCBLMF1,2019-08-29,6.3,6.6,6.3,6.3,47790.0
NCCBLMF1,2019-08-28,6.2,6.3,6.1,6.2,51391.0
NCCBLMF1,2019-08-27,6.3,6.3,6.2,6.2,52225.0
NCCBLMF1,2019-08-26,6.3,6.5,6.2,6.3,77837.0
NCCBLMF1,2019-08-25,6.5,6.6,6.0,6.1,200870.0
NCCBLMF1,2019-08-22,6.6,6.6,6.4,6.5,14000.0
NCCBLMF1,2019-08-21,6.4,6.6,6.4,6.5,13625.0
NCCBLMF1,2019-08-20,6.5,6.7,6.4,6.5,41371.0
NCCBLMF1,2019-08-19,6.8,6.8,6.4,6.5,64230.0
NCCBLMF1,2019-08-18,6.9,6.9,6.8,6.8,103.0
NCCBLMF1,2019-08-12,5.7,5.7,5.6,5.7,229326.0
NCCBLMF1,2019-08-09,6.0,6.2,6.0,6.1,21900.0
NCCBLMF1,2019-08-08,6.7,6.8,6.4,6.6,61464.0
NCCBLMF1,2019-08-07,7.6,7.6,7.4,7.5,70553.0
NCCBLMF1,2019-08-04,6.8,6.8,6.8,6.8,5000.0
NCCBLMF1,2019-08-01,7.2,7.8,7.2,7.4,529501.0
NCCBLMF1,2019-07-31,6.7,7.2,6.5,6.7,129676.0
NCCBLMF1,2019-07-30,7.5,7.8,6.8,6.9,267550.0
NCCBLMF1,2019-07-29,8.0,8.2,7.4,7.5,172330.0
NCCBLMF1,2019-07-28,8.3,8.9,7.9,8.1,465746.0
NCCBLMF1,2019-07-25,8.2,8.6,8.2,8.3,496819.0
NCCBLMF1,2019-07-24,7.4,8.0,7.3,7.9,602578.0
NCCBLMF1,2019-07-23,7.2,7.8,7.1,7.5,180582.0
NCCBLMF1,2019-07-22,7.4,7.4,7.1,7.3,100890.0
NCCBLMF1,2019-07-21,7.3,7.4,7.1,7.3,101626.0
NCCBLMF1,2019-07-18,7.0,7.0,7.0,7.0,43228.0
NCCBLMF1,2019-07-17,7.6,7.6,7.1,7.2,145400.0
NCCBLMF1,2019-07-16,7.0,7.2,7.0,7.1,34385.0
NCCBLMF1,2019-07-15,7.1,7.4,7.1,7.2,3119.0
NCCBLMF1,2019-07-14,7.6,7.6,7.4,7.5,50255.0
NCCBLMF1,2019-07-11,5.6,5.7,5.5,5.6,447886.0
NCCBLMF1,2019-07-10,7.0,7.1,6.7,6.8,4319712.0
NCCBLMF1,2019-07-08,6.4,6.5,6.3,6.3,25484.0
NCCBLMF1,2019-07-07,7.6,7.9,7.6,7.8,235438.0
NCCBLMF1,2019-07-05,6.9,6.9,6.7,6.7,2650.0
NCCBLMF1,2019-07-04,7.1,7.1,6.9,7.0,25400.0
NCCBLMF1,2019-07-02,7.5,7.5,7.4,7.5,21205.0
NCCBLMF1,2019-07-01,7.3,7.3,7.2,7.2,263331.0
NCCBLMF1,2019-06-30,7.1,7.1,7.0,7.1,1322.0
NCCBLMF1,2019-06-27,7.0,7.0,7.0,7.0,2000.0
NCCBLMF1,2019-06-26,7.1,7.1,7.0,7.0,13900.0
NCCBLMF1,2019-06-25,7.1,7.1,7.0,7.1,5737.0
NCCBLMF1,2019-06-24,7.0,7.4,7.0,7.4,95710.0
NCCBLMF1,2019-06-23,7.0,7.0,7.0,7.0,110.0
NCCBLMF1,2019-06-20,6.8,7.0,6.8,6.9,6290.0
NCCBLMF1,2019-06-18,6.7,6.7,6.7,6.7,60.0
NCCBLMF1,2019-06-17,6.9,6.9,6.7,6.7,540.0
NCCBLMF1,2019-06-16,6.9,6.9,6.7,6.8,25577.0
NCCBLMF1,2019-06-13,6.9,6.9,6.8,6.8,28498.0
NCCBLMF1,2019-06-11,5.7,5.8,5.5,5.6,643640.0
NCCBLMF1,2019-06-10,6.6,7.1,6.6,7.0,6145841.0
NCCBLMF1,2019-06-08,6.8,7.0,6.3,6.4,77549.0
NCCBLMF1,2019-06-05,7.1,7.1,6.8,6.8,3343.0
NCCBLMF1,2019-06-03,7.5,7.6,7.4,7.5,162414.0
NCCBLMF1,2019-06-02,7.7,7.7,7.4,7.4,75380.0
NCCBLMF1,2019-06-01,7.1,7.4,7.1,7.3,423497.0
NCCBLMF1,2019-05-30,7.0,7.0,7.0,7.0,130.0
NCCBLMF1,2019-05-29,7.0,7.0,7.0,7.0,1000.0
NCCBLMF1,2019-05-28,7.0,7.0,7.0,7.0,1000.0
NCCBLMF1,2019-05-27,6.9,6.9,6.9,6.9,2000.0
NCCBLMF1,2019-05-26,7.1,7.1,7.1,7.1,500.0
NCCBLMF1,2019-05-22,6.9,6.9,6.9,6.9,3400.0
NCCBLMF1,2019-05-21,6.9,6.9,6.9,6.9,800.0
NCCBLMF1,2019-05-20,6.8,6.9,6.8,6.9,4998.0
NCCBLMF1,2019-05-19,6.9,6.9,6.7,6.9,27830.0
NCCBLMF1,2019-05-16,6.7,6.9,6.7,6.8,12500.0
NCCBLMF1,2019-05-15,6.7,6.7,6.7,6.7,4756.0
NCCBLMF1,2019-05-14,6.7,6.8,6.7,6.7,21.0
NCCBLMF1,2019-05-12,5.6,5.7,5.5,5.6,153552.0
NCCBLMF1,2019-05-11,5.7,5.8,5.7,5.7,307978.0
NCCBLMF1,2019-05-09,6.2,6.2,6.2,6.2,25070.0
NCCBLMF1,2019-05-08,6.4,7.1,6.4,6.8,113690.0
NCCBLMF1,2019-05-05,6.9,6.9,6.9,6.9,50.0
NCCBLMF1,2019-05-03,7.5,7.5,7.4,7.4,62781.0
NCCBLMF1,2019-05-02,7.6,7.6,7.4,7.5,88927.0
NCCBLMF1,2019-04-30,6.9,6.9,6.6,6.6,5685.0
NCCBLMF1,2019-04-29,6.9,6.9,6.6,6.7,4005.0
NCCBLMF1,2019-04-28,6.9,6.9,6.9,6.9,5.0
NCCBLMF1,2019-04-25,6.8,6.9,6.8,6.8,1300.0
NCCBLMF1,2019-04-24,6.7,6.7,6.7,6.7,1.0
NCCBLMF1,2019-04-23,6.7,6.7,6.7,6.7,1000.0
NCCBLMF1,2019-04-21,6.8,6.8,6.8,6.8,15700.0
NCCBLMF1,2019-04-18,7.0,7.0,6.9,6.9,12001.0
NCCBLMF1,2019-04-17,7.0,7.0,6.8,6.9,1656.0
NCCBLMF1,2019-04-16,6.7,6.7,6.6,6.6,7000.0
NCCBLMF1,2019-04-12,5.6,5.7,5.5,5.6,198191.0
NCCBLMF1,2019-04-11,5.9,5.9,5.7,5.7,500465.0
NCCBLMF1,2019-04-09,6.1,6.3,6.0,6.2,89904.0
NCCBLMF1,2019-04-08,6.8,7.0,6.5,6.5,61170.0
NCCBLMF1,2019-04-07,7.1,7.5,7.1,7.4,221265.0
NCCBLMF1,2019-04-04,7.0,7.1,6.9,7.0,3834.0
NCCBLMF1,2019-04-03,7.5,7.5,7.4,7.5,57212.0
NCCBLMF1,2019-04-02,7.6,7.7,7.6,7.6,33515.0
NCCBLMF1,2019-03-31,7.1,7.1,7.0,7.0,6385.0
NCCBLMF1,2019-03-28,7.0,7.0,7.0,7.0,7616.0
NCCBLMF1,2019-03-27,7.0,7.0,7.0,7.0,12500.0
NCCBLMF1,2019-03-25,7.1,7.1,6.8,6.9,3753.0
NCCBLMF1,2019-03-24,7.1,7.1,7.1,7.1,14.0
NCCBLMF1,2019-03-21,7.1,7.1,7.0,7.1,518.0
NCCBLMF1,2019-03-20,7.1,7.1,7.1,7.1,7120.0
NCCBLMF1,2019-03-19,7.1,7.2,7.0,7.1,60549.0
NCCBLMF1,2019-03-18,7.1,7.1,7.0,7.1,25999.0
NCCBLMF1,2019-03-14,7.0,7.1,7.0,7.0,52782.0
NCCBLMF1,2019-03-13,6.9,6.9,6.9,6.9,152536.0
NCCBLMF1,2019-03-12,5.5,5.6,5.5,5.6,269497.0
NCCBLMF1,2019-03-11,5.9,6.0,5.8,5.8,375590.0
NCCBLMF1,2019-03-10,6.3,6.6,6.2,6.5,5574926.0
NCCBLMF1,2019-03-09,6.1,6.2,6.0,6.1,44310.0
NCCBLMF1,2019-03-07,7.1,7.1,7.1,7.1,2818.0
NCCBLMF1,2019-03-03,7.5,7.5,7.5,7.5,17191.0
NCCBLMF1,2019-03-02,7.7,7.7,7.7,7.7,1690.0
NCCBLMF1,2019-03-01,7.0,7.2,7.0,7.1,328718.0
NCCBLMF1,2019-02-27,7.5,7.5,7.4,7.4,21442.0
NCCBLMF1,2019-02-26,7.5,7.5,7.4,7.5,19701.0
NCCBLMF1,2019-02-25,7.5,7.5,7.4,7.5,49672.0
NCCBLMF1,2019-02-24,7.4,7.4,7.4,7.4,6913.0
NCCBLMF1,2019-02-20,7.5,7.5,7.3,7.4,25800.0
NCCBLMF1,2019-02-19,7.4,7.5,7.4,7.4,36720.0
NCCBLMF1,2019-02-18,7.6,7.6,7.4,7.4,70950.0
NCCBLMF1,2019-02-17,7.5,7.7,7.4,7.6,164794.0
NCCBLMF1,2019-02-14,7.8,7.8,7.5,7.6,180025.0
NCCBLMF1,2019-02-13,7.8,7.9,7.7,7.8,110916.0
NCCBLMF1,2019-02-12,5.7,5.7,5.5,5.6,241457.0
NCCBLMF1,2019-02-10,6.3,6.3,6.1,6.2,1886486.0
NCCBLMF1,2019-02-09,6.0,6.1,6.0,6.0,79554.0
NCCBLMF1,2019-02-07,7.2,7.2,7.1,7.1,2500.0
NCCBLMF1,2019-02-05,6.8,6.8,6.8,6.8,167.0
NCCBLMF1,2019-02-04,7.1,7.1,7.0,7.0,14000.0
NCCBLMF1,2019-02-01,6.9,7.1,6.9,7.0,210025.0
NCCBLMF1,2019-01-31,7.8,7.8,7.6,7.7,30484.0
NCCBLMF1,2019-01-30,7.8,7.8,7.7,7.7,26515.0
NCCBLMF1,2019-01-29,7.8,7.8,7.7,7.8,40515.0
NCCBLMF1,2019-01-28,7.7,7.8,7.7,7.7,22100.0
NCCBLMF1,2019-01-27,7.8,7.9,7.8,7.8,48050.0
NCCBLMF1,2019-01-24,7.9,7.9,7.8,7.9,146850.0
NCCBLMF1,2019-01-23,7.9,8.0,7.8,7.9,79511.0
NCCBLMF1,2019-01-22,7.7,7.9,7.7,7.8,40600.0
NCCBLMF1,2019-01-21,8.1,8.1,7.9,7.9,118560.0
NCCBLMF1,2019-01-20,7.6,8.2,7.6,8.1,95680.0
NCCBLMF1,2019-01-17,7.6,7.6,7.5,7.6,156771.0
NCCBLMF1,2019-01-16,7.6,7.7,7.6,7.6,85208.0
NCCBLMF1,2019-01-15,7.4,7.7,7.4,7.6,56610.0
NCCBLMF1,2019-01-14,7.5,7.6,7.4,7.5,90177.0
NCCBLMF1,2019-01-13,7.4,7.5,7.4,7.4,52484.0
NCCBLMF1,2019-01-12,5.5,5.7,5.5,5.6,255992.0
NCCBLMF1,2019-01-10,6.3,6.4,6.2,6.3,185487.0
NCCBLMF1,2019-01-09,6.5,6.5,6.0,6.0,117929.0
NCCBLMF1,2019-01-08,6.7,7.3,6.7,6.8,95210.0
NCCBLMF1,2019-01-04,7.0,7.1,7.0,7.1,20000.0
NCCBLMF1,2019-01-01,6.9,7.0,6.9,6.9,167200.0
NCCBLMF1,2018-12-27,7.0,7.0,6.9,6.9,17480.0
NCCBLMF1,2018-12-26,7.0,7.0,6.9,7.0,32340.0
NCCBLMF1,2018-12-24,6.9,7.0,6.9,7.0,7500.0
NCCBLMF1,2018-12-23,7.0,7.0,7.0,7.0,8867.0
NCCBLMF1,2018-12-20,6.9,7.0,6.9,7.0,23148.0
NCCBLMF1,2018-12-19,7.0,7.0,6.9,7.0,3500.0
NCCBLMF1,2018-12-18,7.0,7.0,6.9,7.0,5960.0
NCCBLMF1,2018-12-17,6.9,7.0,6.9,7.0,30001.0
NCCBLMF1,2018-12-13,6.8,6.9,6.8,6.8,3282.0
NCCBLMF1,2018-12-12,6.8,6.8,6.8,6.8,20.0
NCCBLMF1,2018-12-11,6.9,7.0,6.9,7.0,25000.0
NCCBLMF1,2018-12-09,7.2,7.2,7.2,7.2,120453.0
NCCBLMF1,2018-12-08,7.5,7.6,7.5,7.6,39618.0
NCCBLMF1,2018-12-07,7.5,7.5,7.4,7.4,4514.0
NCCBLMF1,2018-12-06,7.8,7.8,7.8,7.8,4000.0
NCCBLMF1,2018-12-04,8.2,8.2,8.1,8.1,19500.0
NCCBLMF1,2018-12-03,8.2,8.2,8.0,8.0,4947.0
NCCBLMF1,2018-12-02,9.2,9.5,9.1,9.5,770880.0
NCCBLMF1,2018-11-29,6.9,6.9,6.8,6.9,17480.0
NCCBLMF1,2018-11-28,6.9,6.9,6.9,6.9,1000.0
NCCBLMF1,2018-11-27,6.9,6.9,6.8,6.8,10000.0
NCCBLMF1,2018-11-26,6.9,6.9,6.9,6.9,9000.0
NCCBLMF1,2018-11-25,7.3,7.3,7.0,7.2,1500.0
NCCBLMF1,2018-11-22,6.8,6.8,6.8,6.8,3000.0
NCCBLMF1,2018-11-19,6.8,6.9,6.8,6.8,36368.0
NCCBLMF1,2018-11-15,6.9,6.9,6.9,6.9,2500.0
NCCBLMF1,2018-11-14,6.8,6.8,6.8,6.8,261.0
NCCBLMF1,2018-11-12,6.8,6.8,6.8,6.8,710.0
NCCBLMF1,2018-11-10,6.9,6.9,6.9,6.9,29030.0
NCCBLMF1,2018-11-09,7.3,7.3,7.2,7.2,24897.0
NCCBLMF1,2018-11-07,7.4,7.4,7.4,7.4,5800.0
NCCBLMF1,2018-11-06,7.6,7.7,7.6,7.7,27030.0
NCCBLMF1,2018-11-04,8.2,8.2,8.1,8.2,43300.0
NCCBLMF1,2018-11-03,8.0,8.1,8.0,8.0,34510.0
NCCBLMF1,2018-11-02,9.1,9.3,9.1,9.3,1382265.0
NCCBLMF1,2018-11-01,8.9,8.9,8.9,8.9,5500.0
NCCBLMF1,2018-10-30,6.8,6.8,6.8,6.8,450.0
NCCBLMF1,2018-10-29,6.9,6.9,6.8,6.8,2019.0
NCCBLMF1,2018-10-28,6.9,6.9,6.9,6.9,24500.0
NCCBLMF1,2018-10-25,6.9,6.9,6.9,6.9,7000.0
NCCBLMF1,2018-10-24,6.8,7.0,6.8,7.0,2184.0
NCCBLMF1,2018-10-23,6.8,6.9,6.8,6.9,15151.0
NCCBLMF1,2018-10-22,6.9,6.9,6.8,6.9,55100.0
NCCBLMF1,2018-10-18,6.8,6.8,6.8,6.8,23000.0
NCCBLMF1,2018-10-17,6.8,6.8,6.7,6.7,638167.0
NCCBLMF1,2018-10-16,6.8,7.0,6.7,6.8,135066.0
NCCBLMF1,2018-10-15,6.9,6.9,6.8,6.9,27435.0
NCCBLMF1,2018-10-12,6.7,6.7,6.7,6.7,105935.0
NCCBLMF1,2018-10-09,7.3,7.3,7.2,7.2,82100.0
NCCBLMF1,2018-10-07,7.4,7.4,7.4,7.4,6730.0
NCCBLMF1,2018-10-06,7.5,7.6,7.5,7.6,9800.0
NCCBLMF1,2018-10-05,7.8,7.8,7.7,7.8,220859.0
NCCBLMF1,2018-10-04,8.0,8.1,8.0,8.1,79200.0
NCCBLMF1,2018-10-01,8.9,8.9,8.9,8.9,10000.0
NCCBLMF1,2018-09-30,6.9,6.9,6.7,6.8,86100.0
NCCBLMF1,2018-09-27,6.8,6.8,6.8,6.8,57500.0
NCCBLMF1,2018-09-26,7.0,7.0,6.8,6.8,7510.0
NCCBLMF1,2018-09-25,6.8,6.8,6.7,6.7,1500.0
NCCBLMF1,2018-09-24,6.9,6.9,6.9,6.9,11850.0
NCCBLMF1,2018-09-23,6.9,7.0,6.9,6.9,4000.0
NCCBLMF1,2018-09-20,7.0,7.0,6.9,7.0,4180.0
NCCBLMF1,2018-09-18,6.9,6.9,6.8,6.9,41700.0
NCCBLMF1,2018-09-17,6.9,7.2,6.9,7.1,40000.0
NCCBLMF1,2018-09-16,7.2,7.2,6.5,6.7,22142.0
NCCBLMF1,2018-09-13,7.2,7.2,6.8,7.1,28910.0
NCCBLMF1,2018-09-12,6.7,6.7,6.5,6.7,42100.0
NCCBLMF1,2018-09-10,7.1,7.1,6.8,7.0,100000.0
NCCBLMF1,2018-09-09,7.2,7.2,7.2,7.2,8103.0
NCCBLMF1,2018-09-08,7.5,7.6,7.5,7.6,3498.0
NCCBLMF1,2018-09-07,7.4,7.4,7.4,7.4,6200.0
NCCBLMF1,2018-09-05,7.8,7.8,7.7,7.7,162220.0
NCCBLMF1,2018-09-04,8.0,8.0,7.9,8.0,32330.0
NCCBLMF1,2018-09-01,8.9,8.9,8.9,8.9,10000.0
NCCBLMF1,2018-08-30,7.3,7.4,7.3,7.3,91000.0
NCCBLMF1,2018-08-29,7.4,7.4,7.3,7.3,145088.0
NCCBLMF1,2018-08-28,7.4,7.4,7.2,7.3,151635.0
NCCBLMF1,2018-08-27,7.4,7.5,7.4,7.4,59440.0
NCCBLMF1,2018-08-26,7.5,7.5,7.2,7.5,6000.0
NCCBLMF1,2018-08-20,7.9,7.9,7.6,7.7,19400.0
NCCBLMF1,2018-08-19,7.6,7.7,7.6,7.7,18000.0
NCCBLMF1,2018-08-16,7.5,7.6,7.4,7.5,150000.0
NCCBLMF1,2018-08-11,6.8,6.8,6.8,6.8,10000.0
NCCBLMF1,2018-08-08,7.4,7.8,7.3,7.6,25003.0
NCCBLMF1,2018-08-07,7.5,7.5,7.4,7.5,3100.0
NCCBLMF1,2018-08-05,7.8,7.9,7.7,7.7,158954.0
NCCBLMF1,2018-08-04,7.9,8.0,7.8,7.9,62000.0
NCCBLMF1,2018-08-03,8.3,8.3,8.0,8.1,106990.0
NCCBLMF1,2018-08-02,9.2,9.3,9.0,9.2,1375617.0
NCCBLMF1,2018-08-01,9.0,9.0,8.9,9.0,315000.0
NCCBLMF1,2018-07-31,7.3,7.3,7.0,7.1,14050.0
NCCBLMF1,2018-07-30,7.3,7.3,7.3,7.3,3080.0
NCCBLMF1,2018-07-29,7.3,7.3,7.2,7.2,10250.0
NCCBLMF1,2018-07-26,7.3,7.3,7.3,7.3,6000.0
NCCBLMF1,2018-07-25,7.4,7.4,7.2,7.3,25900.0
NCCBLMF1,2018-07-24,7.4,7.4,7.4,7.4,200.0
NCCBLMF1,2018-07-23,7.4,7.5,7.3,7.4,5951.0
NCCBLMF1,2018-07-22,7.5,7.5,7.4,7.4,500.0
NCCBLMF1,2018-07-19,7.9,7.9,7.3,7.5,3800.0
NCCBLMF1,2018-07-17,7.3,7.3,7.3,7.3,4500.0
NCCBLMF1,2018-07-16,7.5,7.5,7.4,7.5,110.0
NCCBLMF1,2018-07-15,7.4,7.4,7.4,7.4,1486.0
NCCBLMF1,2018-07-10,7.1,7.1,7.0,7.0,29850.0
NCCBLMF1,2018-07-08,7.3,7.5,7.2,7.2,291000.0
NCCBLMF1,2018-07-06,7.6,7.6,7.6,7.6,117973.0
NCCBLMF1,2018-07-05,7.8,7.9,7.8,7.9,125185.0
NCCBLMF1,2018-07-03,8.3,8.3,8.2,8.2,6010.0
NCCBLMF1,2018-07-02,8.6,8.7,8.6,8.7,149850.0
NCCBLMF1,2018-07-01,9.0,9.0,8.9,9.0,431000.0
NCCBLMF1,2018-06-28,7.6,7.6,7.5,7.6,15799.0
NCCBLMF1,2018-06-27,7.6,7.6,7.6,7.6,26000.0
NCCBLMF1,2018-06-26,7.6,7.6,7.6,7.6,14500.0
NCCBLMF1,2018-06-25,7.8,7.8,7.8,7.8,2000.0
NCCBLMF1,2018-06-24,7.9,7.9,7.8,7.9,31000.0
NCCBLMF1,2018-06-21,7.8,8.0,7.8,7.9,134000.0
NCCBLMF1,2018-06-20,7.5,7.8,7.5,7.7,56650.0
NCCBLMF1,2018-06-19,7.8,7.8,7.6,7.7,3250.0
NCCBLMF1,2018-06-12,6.8,6.8,6.8,6.8,102435.0
NCCBLMF1,2018-06-09,7.4,7.4,7.2,7.3,39955.0
NCCBLMF1,2018-06-08,7.4,7.4,7.1,7.2,9000.0
NCCBLMF1,2018-06-06,7.6,7.6,7.6,7.6,20025.0
NCCBLMF1,2018-06-05,7.9,7.9,7.8,7.8,127170.0
NCCBLMF1,2018-06-03,8.2,8.4,8.0,8.2,12396.0
NCCBLMF1,2018-06-02,8.6,8.7,8.6,8.6,70000.0
NCCBLMF1,2018-05-31,7.5,7.5,7.4,7.4,133882.0
NCCBLMF1,2018-05-30,7.5,7.5,7.4,7.5,20000.0
NCCBLMF1,2018-05-29,7.5,7.5,7.4,7.5,79520.0
NCCBLMF1,2018-05-28,7.5,7.5,7.4,7.4,59626.0
NCCBLMF1,2018-05-27,7.5,7.5,7.4,7.5,71000.0
NCCBLMF1,2018-05-24,7.4,7.5,7.4,7.4,25000.0
NCCBLMF1,2018-05-23,7.3,7.4,7.3,7.4,11000.0
NCCBLMF1,2018-05-22,7.5,7.5,7.5,7.5,21000.0
NCCBLMF1,2018-05-21,7.5,7.5,7.4,7.5,13670.0
NCCBLMF1,2018-05-20,7.6,7.6,7.4,7.5,40400.0
NCCBLMF1,2018-05-17,7.6,7.7,7.5,7.6,77261.0
NCCBLMF1,2018-05-16,7.7,7.7,7.6,7.6,39370.0
NCCBLMF1,2018-05-15,7.7,7.7,7.7,7.7,114300.0
NCCBLMF1,2018-05-14,7.7,7.8,7.7,7.7,104536.0
NCCBLMF1,2018-05-13,7.8,7.8,7.7,7.8,35798.0
NCCBLMF1,2018-05-12,6.8,7.1,6.8,6.8,135005.0
NCCBLMF1,2018-05-11,6.8,6.9,6.8,6.9,8049.0
NCCBLMF1,2018-05-09,7.3,7.4,7.2,7.2,152153.0
NCCBLMF1,2018-05-08,7.3,7.3,7.2,7.2,11009.0
NCCBLMF1,2018-05-07,7.6,7.6,7.5,7.5,10577.0
NCCBLMF1,2018-05-06,7.6,7.6,7.5,7.5,45020.0
NCCBLMF1,2018-05-04,8.0,8.1,8.0,8.0,17330.0
NCCBLMF1,2018-05-03,8.2,8.2,8.1,8.2,29792.0
NCCBLMF1,2018-05-02,8.6,8.7,8.6,8.6,77490.0
NCCBLMF1,2018-04-30,8.3,8.3,7.7,7.7,335535.0
NCCBLMF1,2018-04-26,8.4,8.5,8.2,8.2,30500.0
NCCBLMF1,2018-04-25,8.8,9.0,8.2,8.3,1138872.0
NCCBLMF1,2018-04-24,8.9,8.9,8.7,8.7,71420.0
NCCBLMF1,2018-04-23,7.9,8.9,7.9,8.9,969764.0
NCCBLMF1,2018-04-22,8.1,8.2,8.1,8.1,24005.0
NCCBLMF1,2018-04-19,8.0,8.1,8.0,8.1,50407.0
NCCBLMF1,2018-04-18,8.3,8.3,8.1,8.3,11000.0
NCCBLMF1,2018-04-17,8.3,8.3,8.0,8.0,70320.0
NCCBLMF1,2018-04-16,8.0,8.3,8.0,8.0,33006.0
NCCBLMF1,2018-04-15,8.1,8.1,8.0,8.1,20500.0
NCCBLMF1,2018-04-12,7.0,7.0,6.8,6.8,128325.0
NCCBLMF1,2018-04-11,6.8,6.8,6.8,6.8,67.0
NCCBLMF1,2018-04-10,7.0,7.0,7.0,7.0,3550.0
NCCBLMF1,2018-04-09,7.3,7.4,7.2,7.3,30600.0
NCCBLMF1,2018-04-07,7.6,7.6,7.6,7.6,2000.0
NCCBLMF1,2018-04-06,7.5,7.5,7.5,7.5,15000.0
NCCBLMF1,2018-04-04,7.9,8.1,7.9,8.0,39985.0
NCCBLMF1,2018-04-03,8.4,8.4,8.4,8.4,223454.0
NCCBLMF1,2018-04-02,8.7,8.7,8.6,8.7,27000.0
NCCBLMF1,2018-03-29,7.8,7.9,7.7,7.8,28395.0
NCCBLMF1,2018-03-28,8.0,8.0,7.7,7.8,7026.0
NCCBLMF1,2018-03-27,8.0,8.0,7.8,7.9,14379.0
NCCBLMF1,2018-03-25,8.2,8.2,7.9,7.9,7010.0
NCCBLMF1,2018-03-22,8.0,8.0,7.9,8.0,38826.0
NCCBLMF1,2018-03-21,8.3,8.4,8.1,8.2,7301.0
NCCBLMF1,2018-03-20,8.3,8.3,8.1,8.3,238559.0
NCCBLMF1,2018-03-19,8.3,8.4,8.0,8.1,66302.0
NCCBLMF1,2018-03-18,8.4,8.4,8.2,8.3,206.0
NCCBLMF1,2018-03-15,8.2,8.6,8.0,8.0,77574.0
NCCBLMF1,2018-03-14,8.3,8.3,8.1,8.2,5000.0
NCCBLMF1,2018-03-13,8.3,8.3,7.8,8.0,9006.0
NCCBLMF1,2018-03-12,6.9,6.9,6.9,6.9,2700.0
NCCBLMF1,2018-03-10,6.9,6.9,6.8,6.9,53856.0
NCCBLMF1,2018-03-09,7.3,7.3,7.3,7.3,2000.0
NCCBLMF1,2018-03-07,7.6,7.8,7.6,7.7,7310.0
NCCBLMF1,2018-03-06,7.7,7.7,7.5,7.5,87394.0
NCCBLMF1,2018-03-05,8.1,8.3,7.8,7.9,19052.0
NCCBLMF1,2018-03-04,8.0,8.2,7.9,8.0,18302.0
NCCBLMF1,2018-03-01,9.0,9.1,9.0,9.0,313300.0
NCCBLMF1,2018-02-28,9.2,9.3,9.2,9.3,519128.0
NCCBLMF1,2018-02-27,9.3,9.3,9.2,9.2,341088.0
NCCBLMF1,2018-02-26,9.2,9.3,9.2,9.3,193284.0
NCCBLMF1,2018-02-25,9.2,9.4,9.2,9.3,551811.0
NCCBLMF1,2018-02-22,9.2,9.3,9.2,9.3,329750.0
NCCBLMF1,2018-02-20,9.2,9.2,9.1,9.1,40456.0
NCCBLMF1,2018-02-19,9.1,9.2,9.1,9.2,190176.0
NCCBLMF1,2018-02-18,9.2,9.2,9.1,9.1,244687.0
NCCBLMF1,2018-02-15,9.3,9.3,9.1,9.2,295700.0
NCCBLMF1,2018-02-14,9.3,9.4,9.2,9.2,246105.0
NCCBLMF1,2018-02-13,9.5,9.5,9.2,9.4,281062.0
NCCBLMF1,2018-02-10,6.8,7.0,6.7,6.8,190510.0
NCCBLMF1,2018-02-08,7.1,7.5,7.1,7.4,23180.0
NCCBLMF1,2018-02-07,7.6,7.6,7.6,7.6,120.0
NCCBLMF1,2018-02-04,7.8,8.4,7.8,8.3,114405.0
NCCBLMF1,2018-01-31,8.7,8.7,8.6,8.7,30010.0
NCCBLMF1,2018-01-30,8.8,8.8,8.7,8.7,8300.0
NCCBLMF1,2018-01-28,8.8,8.8,8.8,8.8,141000.0
NCCBLMF1,2018-01-25,8.8,8.9,8.8,8.8,559867.0
NCCBLMF1,2018-01-24,8.8,8.8,8.7,8.8,69710.0
NCCBLMF1,2018-01-23,8.8,8.8,8.8,8.8,200.0
NCCBLMF1,2018-01-22,8.8,8.8,8.8,8.8,151500.0
NCCBLMF1,2018-01-21,8.7,8.8,8.7,8.8,60291.0
NCCBLMF1,2018-01-18,8.8,8.8,8.7,8.7,1737.0
NCCBLMF1,2018-01-17,8.8,8.8,8.8,8.8,260000.0
NCCBLMF1,2018-01-16,8.8,8.8,8.8,8.8,166041.0
NCCBLMF1,2018-01-15,8.8,8.8,8.8,8.8,118000.0
NCCBLMF1,2018-01-14,8.9,8.9,8.9,8.9,500.0
NCCBLMF1,2018-01-11,6.9,6.9,6.9,6.9,66500.0
NCCBLMF1,2018-01-10,6.8,6.8,6.7,6.7,73101.0
NCCBLMF1,2018-01-08,7.1,7.2,7.1,7.1,13701.0
NCCBLMF1,2018-01-04,7.9,8.0,7.8,7.8,31375.0
NCCBLMF1,2018-01-02,8.7,8.7,8.7,8.7,1000.0
NCCBLMF1,2018-01-01,8.9,8.9,8.9,8.9,2000.0
NCCBLMF1,2017-12-28,8.8,8.9,8.8,8.9,40300.0
NCCBLMF1,2017-12-27,8.9,8.9,8.8,8.9,24100.0
NCCBLMF1,2017-12-26,8.9,9.0,8.9,8.9,390347.0
NCCBLMF1,2017-12-24,8.9,8.9,8.9,8.9,8200.0
NCCBLMF1,2017-12-21,9.0,9.1,9.0,9.0,252900.0
NCCBLMF1,2017-12-20,9.0,9.0,9.0,9.0,100.0
NCCBLMF1,2017-12-19,9.0,9.0,9.0,9.0,2200.0
NCCBLMF1,2017-12-17,9.1,9.1,9.1,9.1,400.0
NCCBLMF1,2017-12-14,9.1,9.1,9.0,9.1,6000.0
NCCBLMF1,2017-12-13,9.0,9.1,9.0,9.0,11750.0
NCCBLMF1,2017-12-12,9.1,9.1,9.1,9.1,17000.0
NCCBLMF1,2017-12-10,9.0,9.0,8.9,9.0,626.0
NCCBLMF1,2017-12-09,9.0,9.0,8.9,9.0,165232.0
NCCBLMF1,2017-12-07,8.5,8.5,8.4,8.5,68950.0
NCCBLMF1,2017-12-06,8.4,8.5,8.1,8.3,97000.0
NCCBLMF1,2017-12-04,8.1,8.1,8.0,8.0,138473.0
NCCBLMF1,2017-12-03,7.8,7.9,7.8,7.9,446920.0
NCCBLMF1,2017-12-02,8.5,8.6,8.4,8.6,297200.0
NCCBLMF1,2017-12-01,8.1,8.1,7.8,7.9,322000.0
NCCBLMF1,2017-11-29,9.1,9.1,9.1,9.1,8000.0
NCCBLMF1,2017-11-28,9.2,9.2,9.2,9.2,105850.0
NCCBLMF1,2017-11-27,9.0,9.0,9.0,9.0,1.0
NCCBLMF1,2017-11-23,9.3,9.3,9.3,9.3,2000.0
NCCBLMF1,2017-11-21,9.2,9.2,9.2,9.2,650.0
NCCBLMF1,2017-11-20,9.1,9.2,9.1,9.1,227040.0
NCCBLMF1,2017-11-19,9.1,9.1,9.0,9.0,87500.0
NCCBLMF1,2017-11-16,9.1,9.2,9.1,9.1,60500.0
NCCBLMF1,2017-11-15,9.1,9.1,9.1,9.1,449.0
NCCBLMF1,2017-11-14,9.0,9.0,8.9,9.0,25522.0
NCCBLMF1,2017-11-13,8.7,9.1,8.7,9.0,100082.0
NCCBLMF1,2017-11-12,9.0,9.0,9.0,9.0,20000.0
NCCBLMF1,2017-11-10,9.0,9.0,9.0,9.0,37200.0
NCCBLMF1,2017-11-09,9.0,9.2,9.0,9.0,77000.0
NCCBLMF1,2017-11-07,8.6,8.6,8.5,8.6,122500.0
NCCBLMF1,2017-11-06,7.9,8.3,7.9,8.1,94271.0
NCCBLMF1,2017-11-05,8.0,8.2,8.0,8.2,131042.0
NCCBLMF1,2017-11-04,8.0,8.0,7.8,7.9,436340.0
NCCBLMF1,2017-11-01,7.6,7.8,7.6,7.8,177433.0
NCCBLMF1,2017-10-31,8.7,8.7,8.7,8.7,1.0
NCCBLMF1,2017-10-30,8.9,8.9,8.9,8.9,11862.0
NCCBLMF1,2017-10-29,8.9,9.0,8.9,9.0,110000.0
NCCBLMF1,2017-10-26,8.9,8.9,8.9,8.9,13500.0
NCCBLMF1,2017-10-24,8.9,9.0,8.9,9.0,67700.0
NCCBLMF1,2017-10-23,8.9,8.9,8.9,8.9,26000.0
NCCBLMF1,2017-10-22,9.0,9.1,9.0,9.1,32800.0
NCCBLMF1,2017-10-19,9.0,9.0,9.0,9.0,4500.0
NCCBLMF1,2017-10-18,9.0,9.0,8.9,8.9,26326.0
NCCBLMF1,2017-10-16,8.5,8.9,8.5,8.8,2376.0
NCCBLMF1,2017-10-12,9.1,9.1,9.1,9.1,2000.0
NCCBLMF1,2017-10-09,8.9,9.1,8.9,9.0,92213.0
NCCBLMF1,2017-10-08,8.7,8.7,8.6,8.6,3850.0
NCCBLMF1,2017-10-07,8.5,8.6,8.5,8.5,307575.0
NCCBLMF1,2017-10-04,8.0,8.1,8.0,8.0,32085.0
NCCBLMF1,2017-10-01,7.5,7.5,7.4,7.5,541850.0
NCCBLMF1,2017-09-28,9.0,9.0,9.0,9.0,66000.0
NCCBLMF1,2017-09-27,9.0,9.0,9.0,9.0,1000.0
NCCBLMF1,2017-09-26,9.1,9.1,9.0,9.1,76853.0
NCCBLMF1,2017-09-25,9.0,9.0,9.0,9.0,10000.0
NCCBLMF1,2017-09-24,8.9,8.9,8.9,8.9,24300.0
NCCBLMF1,2017-09-20,8.9,9.3,8.9,8.9,70700.0
NCCBLMF1,2017-09-19,9.2,9.2,9.2,9.2,1222.0
NCCBLMF1,2017-09-18,9.5,9.5,9.2,9.2,3160.0
NCCBLMF1,2017-09-14,9.1,9.3,9.1,9.2,84506.0
NCCBLMF1,2017-09-13,9.1,9.2,9.1,9.1,56979.0
NCCBLMF1,2017-09-08,8.7,8.7,8.7,8.7,1970.0
NCCBLMF1,2017-09-04,7.9,8.0,7.9,7.9,159354.0
NCCBLMF1,2017-09-03,7.8,7.8,7.7,7.8,166843.0
NCCBLMF1,2017-09-02,8.6,8.7,8.5,8.5,97200.0
NCCBLMF1,2017-09-01,7.5,7.5,7.5,7.5,140000.0
NCCBLMF1,2017-08-31,8.7,8.8,8.7,8.8,30393.0
NCCBLMF1,2017-08-30,8.3,8.7,8.3,8.6,2770.0
NCCBLMF1,2017-08-29,9.0,9.0,8.7,8.8,78533.0
NCCBLMF1,2017-08-28,8.8,8.8,8.8,8.8,200000.0
NCCBLMF1,2017-08-27,8.8,8.8,8.8,8.8,133985.0
NCCBLMF1,2017-08-24,8.7,8.7,8.7,8.7,945.0
NCCBLMF1,2017-08-23,8.6,8.6,8.5,8.6,21657.0
NCCBLMF1,2017-08-22,8.7,8.7,8.6,8.6,228802.0
NCCBLMF1,2017-08-21,8.8,8.8,8.8,8.8,5000.0
NCCBLMF1,2017-08-20,8.9,8.9,8.3,8.3,8700.0
NCCBLMF1,2017-08-17,8.7,8.7,8.7,8.7,8211.0
NCCBLMF1,2017-08-16,8.7,8.7,8.7,8.7,52541.0
NCCBLMF1,2017-08-13,8.7,8.7,8.7,8.7,39810.0
NCCBLMF1,2017-08-10,9.0,9.0,9.0,9.0,82450.0
NCCBLMF1,2017-08-08,8.7,8.8,8.6,8.8,38500.0
NCCBLMF1,2017-08-06,8.2,8.3,8.2,8.2,141000.0
NCCBLMF1,2017-08-05,8.3,8.3,8.3,8.3,23500.0
NCCBLMF1,2017-08-03,7.8,7.9,7.7,7.8,93622.0
NCCBLMF1,2017-08-02,8.6,8.7,8.4,8.5,64890.0
NCCBLMF1,2017-08-01,7.8,7.8,7.3,7.5,308059.0
NCCBLMF1,2017-07-31,8.6,8.7,8.6,8.7,18200.0
NCCBLMF1,2017-07-30,8.5,8.6,8.5,8.5,21800.0
NCCBLMF1,2017-07-27,8.6,8.7,8.6,8.6,6512.0
NCCBLMF1,2017-07-26,8.6,8.6,8.5,8.6,31713.0
NCCBLMF1,2017-07-25,8.5,8.7,8.5,8.6,59498.0
NCCBLMF1,2017-07-24,8.4,8.5,8.4,8.5,121350.0
NCCBLMF1,2017-07-23,8.4,8.5,8.4,8.4,31300.0
NCCBLMF1,2017-07-20,8.4,8.5,8.4,8.4,50847.0
NCCBLMF1,2017-07-19,8.5,8.5,8.4,8.4,46201.0
NCCBLMF1,2017-07-18,8.5,8.6,8.4,8.5,16182.0
NCCBLMF1,2017-07-16,8.5,8.5,8.5,8.5,16401.0
NCCBLMF1,2017-07-13,8.4,8.5,8.1,8.4,71220.0
NCCBLMF1,2017-07-12,9.1,9.1,9.1,9.1,30000.0
NCCBLMF1,2017-07-09,9.0,9.0,8.9,9.0,20565.0
NCCBLMF1,2017-07-08,8.7,8.8,8.6,8.6,97100.0
NCCBLMF1,2017-07-06,8.2,8.3,8.2,8.3,43880.0
NCCBLMF1,2017-07-05,8.2,8.3,8.2,8.2,99551.0
NCCBLMF1,2017-07-03,8.0,8.2,7.6,7.8,198910.0
NCCBLMF1,2017-07-02,8.4,8.5,8.2,8.4,160000.0
NCCBLMF1,2017-06-29,8.2,8.3,8.2,8.3,21105.0
NCCBLMF1,2017-06-28,8.2,8.3,8.2,8.3,2652.0
NCCBLMF1,2017-06-21,8.3,8.3,8.3,8.3,1000.0
NCCBLMF1,2017-06-20,8.3,8.3,8.3,8.3,10000.0
NCCBLMF1,2017-06-19,8.3,8.4,8.3,8.3,73000.0
NCCBLMF1,2017-06-18,8.2,8.2,8.1,8.2,29042.0
NCCBLMF1,2017-06-15,8.1,8.1,8.1,8.1,1000.0
NCCBLMF1,2017-06-14,8.1,8.1,8.1,8.1,53000.0
NCCBLMF1,2017-06-13,8.2,8.2,8.2,8.2,226000.0
NCCBLMF1,2017-06-12,9.0,9.1,9.0,9.1,50200.0
NCCBLMF1,2017-06-09,9.0,9.0,9.0,9.0,3000.0
NCCBLMF1,2017-06-08,8.8,8.9,8.5,8.7,33700.0
NCCBLMF1,2017-06-07,8.6,8.7,8.5,8.6,229126.0
NCCBLMF1,2017-06-06,8.2,8.2,8.1,8.1,7000.0
NCCBLMF1,2017-06-04,7.9,8.1,7.9,8.0,593204.0
NCCBLMF1,2017-06-02,8.2,8.4,8.2,8.3,55105.0
NCCBLMF1,2017-05-31,7.8,7.8,7.8,7.8,1500.0
NCCBLMF1,2017-05-30,7.7,7.9,7.7,7.7,62000.0
NCCBLMF1,2017-05-29,7.9,7.9,7.7,7.8,17000.0
NCCBLMF1,2017-05-28,8.0,8.0,8.0,8.0,8457.0
NCCBLMF1,2017-05-25,8.1,8.1,8.1,8.1,5000.0
NCCBLMF1,2017-05-24,7.9,7.9,7.9,7.9,200.0
NCCBLMF1,2017-05-22,8.1,8.1,8.1,8.1,10.0
NCCBLMF1,2017-05-18,8.0,8.0,8.0,8.0,600.0
NCCBLMF1,2017-05-17,8.1,8.2,8.1,8.2,50192.0
NCCBLMF1,2017-05-15,7.8,7.8,7.8,7.8,1000.0
NCCBLMF1,2017-05-14,8.0,8.1,8.0,8.1,10500.0
NCCBLMF1,2017-05-12,9.0,9.1,9.0,9.1,20200.0
NCCBLMF1,2017-05-10,9.0,9.2,9.0,9.1,70550.0
NCCBLMF1,2017-05-09,9.0,9.2,9.0,9.0,14300.0
NCCBLMF1,2017-05-07,8.7,8.7,8.6,8.6,92925.0
NCCBLMF1,2017-05-06,8.2,8.2,8.0,8.1,64500.0
NCCBLMF1,2017-05-04,8.0,8.0,7.9,8.0,639042.0
NCCBLMF1,2017-05-03,8.1,8.3,8.1,8.2,471950.0
NCCBLMF1,2017-05-02,8.6,8.6,8.1,8.2,76300.0
NCCBLMF1,2017-05-01,7.4,7.5,7.4,7.4,341520.0
NCCBLMF1,2017-04-30,8.1,8.2,8.1,8.1,225801.0
NCCBLMF1,2017-04-27,8.3,8.3,8.0,8.1,3350.0
NCCBLMF1,2017-04-26,8.0,8.0,8.0,8.0,4500.0
NCCBLMF1,2017-04-25,8.0,8.2,8.0,8.1,123517.0
NCCBLMF1,2017-04-24,8.0,8.1,8.0,8.1,70000.0
NCCBLMF1,2017-04-23,8.0,8.0,8.0,8.0,200425.0
NCCBLMF1,2017-04-20,8.1,8.2,8.1,8.1,7000.0
NCCBLMF1,2017-04-19,8.1,8.1,8.0,8.1,187500.0
NCCBLMF1,2017-04-18,7.9,8.0,7.9,8.0,17998.0
NCCBLMF1,2017-04-17,7.9,8.0,7.9,7.9,3587.0
NCCBLMF1,2017-04-16,8.0,8.0,8.0,8.0,32320.0
NCCBLMF1,2017-04-13,8.0,8.0,8.0,8.0,7340.0
NCCBLMF1,2017-04-12,9.1,9.1,9.0,9.1,51400.0
NCCBLMF1,2017-04-10,9.2,9.2,9.0,9.1,200.0
NCCBLMF1,2017-04-07,8.4,8.8,8.4,8.6,210082.0
NCCBLMF1,2017-04-06,8.0,8.0,7.9,8.0,11970.0
NCCBLMF1,2017-04-05,8.2,8.2,8.2,8.2,6509.0
NCCBLMF1,2017-04-04,8.0,8.0,7.9,8.0,130643.0
NCCBLMF1,2017-04-01,7.4,7.5,7.4,7.4,283395.0
NCCBLMF1,2017-03-30,7.9,7.9,7.8,7.9,80436.0
NCCBLMF1,2017-03-29,7.9,8.0,7.9,7.9,155570.0
NCCBLMF1,2017-03-28,7.9,7.9,7.9,7.9,107900.0
NCCBLMF1,2017-03-27,8.0,8.0,7.9,8.0,57300.0
NCCBLMF1,2017-03-23,7.9,8.0,7.9,7.9,20010.0
NCCBLMF1,2017-03-22,8.0,8.0,7.9,7.9,13889.0
NCCBLMF1,2017-03-21,7.9,8.0,7.9,7.9,416709.0
NCCBLMF1,2017-03-20,7.9,7.9,7.9,7.9,405995.0
NCCBLMF1,2017-03-19,7.9,7.9,7.9,7.9,327945.0
NCCBLMF1,2017-03-16,7.9,8.0,7.9,7.9,72774.0
NCCBLMF1,2017-03-15,7.9,7.9,7.8,7.8,250000.0
NCCBLMF1,2017-03-14,7.9,7.9,7.8,7.8,237956.0
NCCBLMF1,2017-03-13,7.8,7.9,7.8,7.8,138165.0
NCCBLMF1,2017-03-12,9.1,9.1,9.1,9.1,50000.0
NCCBLMF1,2017-03-10,9.5,9.5,9.1,9.1,20100.0
NCCBLMF1,2017-03-08,8.8,8.8,8.8,8.8,15100.0
NCCBLMF1,2017-03-07,8.6,8.6,8.4,8.4,258690.0
NCCBLMF1,2017-03-05,8.2,8.2,8.2,8.2,11965.0
NCCBLMF1,2017-03-04,7.9,7.9,7.9,7.9,10999.0
NCCBLMF1,2017-03-01,7.5,7.6,7.4,7.5,113952.0
NCCBLMF1,2017-02-28,8.3,8.3,8.0,8.1,516159.0
NCCBLMF1,2017-02-27,8.2,8.2,8.2,8.2,115990.0
NCCBLMF1,2017-02-26,8.3,8.3,8.2,8.2,43835.0
NCCBLMF1,2017-02-23,8.1,8.4,8.0,8.3,115917.0
NCCBLMF1,2017-02-22,8.3,8.4,8.3,8.3,144910.0
NCCBLMF1,2017-02-20,8.3,8.4,8.3,8.3,113484.0
NCCBLMF1,2017-02-19,8.3,8.4,8.2,8.3,191310.0
NCCBLMF1,2017-02-16,8.3,8.3,8.2,8.2,65922.0
NCCBLMF1,2017-02-15,8.4,8.4,8.2,8.3,134000.0
NCCBLMF1,2017-02-14,8.2,8.3,8.1,8.2,217474.0
NCCBLMF1,2017-02-13,8.4,8.4,7.9,8.0,905650.0
NCCBLMF1,2017-02-08,8.5,8.5,8.5,8.5,4000.0
NCCBLMF1,2017-02-07,8.4,8.7,8.4,8.4,26100.0
NCCBLMF1,2017-02-05,8.2,8.2,8.2,8.2,96000.0
NCCBLMF1,2017-02-04,7.9,8.0,7.9,7.9,44755.0
NCCBLMF1,2017-02-03,8.2,8.3,8.1,8.1,934545.0
NCCBLMF1,2017-02-02,8.3,8.3,8.1,8.1,87550.0
NCCBLMF1,2017-02-01,7.9,8.0,7.5,7.6,1183940.0
NCCBLMF1,2017-01-31,8.3,8.6,8.3,8.4,47779.0
NCCBLMF1,2017-01-30,8.2,8.4,8.1,8.3,151000.0
NCCBLMF1,2017-01-29,8.6,8.7,8.2,8.4,88756.0
NCCBLMF1,2017-01-26,8.6,8.8,8.4,8.4,112848.0
NCCBLMF1,2017-01-25,9.2,9.2,8.7,8.8,271111.0
NCCBLMF1,2017-01-24,8.7,9.1,8.7,9.0,660835.0
NCCBLMF1,2017-01-23,8.5,8.9,8.5,8.8,268440.0
NCCBLMF1,2017-01-22,8.3,8.7,8.1,8.3,326630.0
NCCBLMF1,2017-01-19,8.6,8.7,8.3,8.4,454509.0
NCCBLMF1,2017-01-18,8.8,8.8,8.5,8.6,345250.0
NCCBLMF1,2017-01-17,8.7,8.9,8.4,8.6,1206580.0
NCCBLMF1,2017-01-16,9.0,9.0,8.5,8.6,1010893.0
NCCBLMF1,2017-01-15,8.0,8.6,8.0,8.5,402950.0
NCCBLMF1,2017-01-11,8.7,8.7,8.7,8.7,6000.0
NCCBLMF1,2017-01-08,8.7,8.7,8.7,8.7,3900.0
NCCBLMF1,2017-01-06,8.1,8.1,8.1,8.1,25308.0
NCCBLMF1,2017-01-03,8.2,8.2,8.0,8.1,281245.0
NCCBLMF1,2017-01-02,8.5,8.5,8.4,8.4,145544.0
NCCBLMF1,2017-01-01,7.3,7.6,7.2,7.5,665492.0
NCCBLMF1,2016-12-29,7.3,7.4,7.2,7.3,832448.0
NCCBLMF1,2016-12-28,7.6,7.6,7.1,7.3,1109725.0
NCCBLMF1,2016-12-27,7.1,7.6,7.0,7.3,501260.0
NCCBLMF1,2016-12-26,7.0,7.1,6.9,7.0,315300.0
NCCBLMF1,2016-12-22,6.9,6.9,6.8,6.9,354500.0
NCCBLMF1,2016-12-21,6.9,6.9,6.8,6.9,302200.0
NCCBLMF1,2016-12-20,7.0,7.1,6.9,7.0,346000.0
NCCBLMF1,2016-12-19,7.0,7.1,6.9,7.0,322200.0
NCCBLMF1,2016-12-18,7.0,7.0,6.9,6.9,12000.0
NCCBLMF1,2016-12-15,7.0,7.0,7.0,7.0,59950.0
NCCBLMF1,2016-12-12,7.0,7.0,7.0,7.0,33000.0
NCCBLMF1,2016-12-07,6.3,6.3,6.0,6.1,298500.0
NCCBLMF1,2016-12-06,5.1,5.2,5.1,5.1,100100.0
NCCBLMF1,2016-12-05,5.1,5.2,5.1,5.1,248780.0
NCCBLMF1,2016-12-04,5.1,5.1,5.0,5.1,233816.0
NCCBLMF1,2016-12-01,6.2,6.3,6.1,6.3,723013.0
NCCBLMF1,2016-11-30,7.0,7.2,7.0,7.1,292235.0
NCCBLMF1,2016-11-29,7.0,7.1,7.0,7.0,154375.0
NCCBLMF1,2016-11-28,7.1,7.1,6.9,7.0,254790.0
NCCBLMF1,2016-11-27,7.0,7.4,7.0,7.2,160240.0
NCCBLMF1,2016-11-24,6.9,7.1,6.9,7.0,383150.0
NCCBLMF1,2016-11-23,6.8,6.8,6.8,6.8,201000.0
NCCBLMF1,2016-11-22,6.8,6.8,6.8,6.8,207000.0
NCCBLMF1,2016-11-21,6.8,6.8,6.8,6.8,100000.0
NCCBLMF1,2016-11-17,6.8,6.8,6.8,6.8,190100.0
NCCBLMF1,2016-11-16,6.8,6.8,6.8,6.8,126000.0
NCCBLMF1,2016-11-15,6.8,6.8,6.8,6.8,50000.0
NCCBLMF1,2016-11-14,6.8,6.8,6.8,6.8,254000.0
NCCBLMF1,2016-11-13,6.9,7.0,6.9,6.9,105000.0
NCCBLMF1,2016-11-12,7.0,7.0,7.0,7.0,75000.0
NCCBLMF1,2016-11-08,6.2,6.3,6.2,6.2,20200.0
NCCBLMF1,2016-11-07,6.1,6.3,6.1,6.2,425409.0
NCCBLMF1,2016-11-05,5.0,5.1,5.0,5.1,775498.0
NCCBLMF1,2016-11-04,5.1,5.1,5.0,5.0,116500.0
NCCBLMF1,2016-11-02,6.5,6.6,6.3,6.5,948005.0
NCCBLMF1,2016-11-01,6.1,6.2,6.1,6.2,337642.0
NCCBLMF1,2016-10-31,6.9,6.9,6.8,6.9,139600.0
NCCBLMF1,2016-10-30,6.7,6.8,6.7,6.8,13000.0
NCCBLMF1,2016-10-27,6.8,6.8,6.8,6.8,12264.0
NCCBLMF1,2016-10-26,6.9,6.9,6.9,6.9,201000.0
NCCBLMF1,2016-10-25,6.9,7.0,6.9,7.0,19525.0
NCCBLMF1,2016-10-24,6.9,7.0,6.9,6.9,17500.0
NCCBLMF1,2016-10-23,6.9,6.9,6.9,6.9,10000.0
NCCBLMF1,2016-10-20,7.1,7.1,6.9,7.1,74000.0
NCCBLMF1,2016-10-19,6.9,7.1,6.9,7.1,161000.0
NCCBLMF1,2016-10-18,6.9,7.0,6.9,6.9,76250.0
NCCBLMF1,2016-10-17,7.0,7.0,6.9,7.0,1300.0
NCCBLMF1,2016-10-16,7.0,7.0,6.9,7.0,89500.0
NCCBLMF1,2016-10-11,7.0,7.0,7.0,7.0,50000.0
NCCBLMF1,2016-10-10,6.9,7.0,6.9,7.0,26100.0
NCCBLMF1,2016-10-08,6.2,6.2,6.2,6.2,12375.0
NCCBLMF1,2016-10-05,5.0,5.1,5.0,5.1,319330.0
NCCBLMF1,2016-10-04,5.2,5.2,5.1,5.1,2240.0
NCCBLMF1,2016-10-03,6.5,6.5,6.4,6.4,205920.0
NCCBLMF1,2016-10-02,6.6,6.6,6.5,6.5,304520.0
NCCBLMF1,2016-10-01,6.0,6.1,6.0,6.1,233923.0
NCCBLMF1,2016-09-29,7.1,7.1,7.0,7.1,134800.0
NCCBLMF1,2016-09-28,7.1,7.1,7.0,7.1,214400.0
NCCBLMF1,2016-09-27,7.2,7.4,7.0,7.1,436100.0
NCCBLMF1,2016-09-26,6.8,7.1,6.8,7.1,974794.0
NCCBLMF1,2016-09-25,6.8,6.9,6.7,6.8,886520.0
NCCBLMF1,2016-09-24,6.6,6.9,6.5,6.8,1688550.0
NCCBLMF1,2016-09-22,6.5,6.6,6.4,6.5,390200.0
NCCBLMF1,2016-09-21,6.3,6.4,6.3,6.4,105000.0
NCCBLMF1,2016-09-20,6.3,6.3,6.3,6.3,124047.0
NCCBLMF1,2016-09-19,6.3,6.3,6.2,6.3,61400.0
NCCBLMF1,2016-09-11,7.0,7.0,6.9,6.9,239000.0
NCCBLMF1,2016-09-10,7.1,7.1,7.0,7.1,80100.0
NCCBLMF1,2016-09-08,6.3,6.4,6.1,6.2,286900.0
NCCBLMF1,2016-09-06,5.2,5.2,5.2,5.2,32300.0
NCCBLMF1,2016-09-05,5.0,5.1,5.0,5.1,265035.0
NCCBLMF1,2016-09-03,6.7,6.8,6.5,6.5,1825270.0
NCCBLMF1,2016-09-02,6.6,6.7,6.5,6.6,349050.0
NCCBLMF1,2016-08-31,6.1,6.2,6.1,6.2,68000.0
NCCBLMF1,2016-08-30,6.1,6.2,6.1,6.1,268000.0
NCCBLMF1,2016-08-29,6.1,6.3,6.1,6.2,359652.0
NCCBLMF1,2016-08-28,6.2,6.2,6.2,6.2,4345.0
NCCBLMF1,2016-08-24,6.2,6.3,6.2,6.3,182800.0
NCCBLMF1,2016-08-23,6.2,6.3,6.2,6.3,238005.0
NCCBLMF1,2016-08-22,6.3,6.3,6.3,6.3,299500.0
NCCBLMF1,2016-08-21,6.3,6.3,6.2,6.3,140993.0
NCCBLMF1,2016-08-18,6.1,6.2,6.1,6.2,103050.0
NCCBLMF1,2016-08-17,6.0,6.1,6.0,6.1,58390.0
NCCBLMF1,2016-08-16,6.2,6.2,6.1,6.2,53512.0
NCCBLMF1,2016-08-14,6.2,6.3,6.2,6.3,18500.0
NCCBLMF1,2016-08-12,7.1,7.1,7.1,7.1,1000.0
NCCBLMF1,2016-08-09,6.3,6.3,6.2,6.3,224800.0
NCCBLMF1,2016-08-08,6.3,6.4,6.2,6.3,151100.0
NCCBLMF1,2016-08-06,5.2,5.2,5.1,5.1,18400.0
NCCBLMF1,2016-08-05,5.1,5.2,5.1,5.1,236240.0
NCCBLMF1,2016-08-03,6.5,6.7,6.5,6.6,1954341.0
NCCBLMF1,2016-08-02,6.6,6.7,6.6,6.6,192449.0
NCCBLMF1,2016-07-31,6.1,6.1,6.0,6.1,9700.0
NCCBLMF1,2016-07-28,5.8,6.0,5.8,6.0,1095.0
NCCBLMF1,2016-07-27,6.1,6.1,6.0,6.0,263000.0
NCCBLMF1,2016-07-26,6.2,6.2,6.1,6.2,21110.0
NCCBLMF1,2016-07-25,6.1,6.1,6.1,6.1,5000.0
NCCBLMF1,2016-07-24,6.0,6.0,6.0,6.0,100.0
NCCBLMF1,2016-07-21,6.1,6.1,6.1,6.1,10000.0
NCCBLMF1,2016-07-20,6.0,6.2,6.0,6.1,104000.0
NCCBLMF1,2016-07-19,6.2,6.3,6.1,6.2,488549.0
NCCBLMF1,2016-07-18,6.1,6.1,6.1,6.1,112123.0
NCCBLMF1,2016-07-17,6.2,6.3,6.1,6.2,76500.0
NCCBLMF1,2016-07-16,6.3,6.3,6.2,6.3,288000.0
NCCBLMF1,2016-07-14,6.1,6.2,6.1,6.2,90099.0
NCCBLMF1,2016-07-13,6.1,6.2,6.1,6.1,67960.0
NCCBLMF1,2016-07-12,6.9,6.9,6.9,6.9,37000.0
NCCBLMF1,2016-07-11,7.0,7.0,7.0,7.0,200000.0
NCCBLMF1,2016-07-09,6.3,6.3,6.2,6.2,124440.0
NCCBLMF1,2016-07-08,6.2,6.2,6.2,6.2,38020.0
NCCBLMF1,2016-07-06,5.2,5.2,5.2,5.2,5000.0
NCCBLMF1,2016-07-04,5.1,5.2,5.0,5.2,618527.0
NCCBLMF1,2016-07-03,6.4,6.5,6.3,6.5,124784.0
NCCBLMF1,2016-07-02,6.6,6.7,6.5,6.6,580960.0
NCCBLMF1,2016-07-01,6.0,6.1,6.0,6.0,411731.0
NCCBLMF1,2016-06-30,5.9,6.1,5.9,6.1,180946.0
NCCBLMF1,2016-06-29,5.7,5.8,5.7,5.7,219547.0
NCCBLMF1,2016-06-28,5.7,5.7,5.7,5.7,23400.0
NCCBLMF1,2016-06-27,5.7,5.7,5.6,5.7,314633.0
NCCBLMF1,2016-06-26,5.6,5.8,5.6,5.7,114842.0
NCCBLMF1,2016-06-23,5.5,5.7,5.5,5.6,462400.0
NCCBLMF1,2016-06-22,5.4,5.5,5.3,5.4,297150.0
NCCBLMF1,2016-06-21,5.4,5.5,5.4,5.4,198000.0
NCCBLMF1,2016-06-20,5.3,5.4,5.3,5.4,28200.0
NCCBLMF1,2016-06-19,5.2,5.4,5.2,5.4,454500.0
NCCBLMF1,2016-06-16,5.2,5.3,5.2,5.2,148801.0
NCCBLMF1,2016-06-15,5.2,5.2,5.1,5.2,100005.0
NCCBLMF1,2016-06-14,5.2,5.2,5.2,5.2,75400.0
NCCBLMF1,2016-06-13,5.2,5.3,5.2,5.3,169152.0
NCCBLMF1,2016-06-12,7.0,7.0,6.9,6.9,50000.0
NCCBLMF1,2016-06-11,6.9,6.9,6.9,6.9,13600.0
NCCBLMF1,2016-06-10,7.1,7.1,7.0,7.1,253200.0
NCCBLMF1,2016-06-09,6.2,6.3,6.2,6.2,71660.0
NCCBLMF1,2016-06-06,5.2,5.3,5.2,5.3,277535.0
NCCBLMF1,2016-06-04,5.2,5.2,5.2,5.2,4570.0
NCCBLMF1,2016-06-03,6.4,6.4,6.3,6.3,361775.0
NCCBLMF1,2016-06-01,5.9,6.2,5.9,6.1,603395.0
NCCBLMF1,2016-05-31,5.1,5.1,5.0,5.1,488300.0
NCCBLMF1,2016-05-30,5.2,5.2,5.1,5.1,59020.0
NCCBLMF1,2016-05-29,5.2,5.2,5.1,5.2,140300.0
NCCBLMF1,2016-05-26,5.2,5.3,5.2,5.2,20005.0
NCCBLMF1,2016-05-25,5.2,5.2,5.2,5.2,492.0
NCCBLMF1,2016-05-24,5.2,5.3,5.1,5.3,158400.0
NCCBLMF1,2016-05-22,5.2,5.3,5.2,5.2,92940.0
NCCBLMF1,2016-05-19,5.1,5.2,5.1,5.2,190570.0
NCCBLMF1,2016-05-18,5.0,5.2,5.0,5.1,384000.0
NCCBLMF1,2016-05-17,5.0,5.1,5.0,5.0,122100.0
NCCBLMF1,2016-05-16,4.9,5.0,4.9,5.0,510820.0
NCCBLMF1,2016-05-15,5.1,5.1,5.0,5.0,180000.0
NCCBLMF1,2016-05-12,7.1,7.1,7.0,7.1,81885.0
NCCBLMF1,2016-05-10,7.1,7.1,7.1,7.1,180600.0
NCCBLMF1,2016-05-09,6.3,6.3,6.2,6.3,40000.0
NCCBLMF1,2016-05-06,5.1,5.1,5.1,5.1,40000.0
NCCBLMF1,2016-05-05,5.0,5.1,5.0,5.1,249490.0
NCCBLMF1,2016-05-01,5.9,5.9,5.8,5.8,287106.0
NCCBLMF1,2016-04-28,4.9,4.9,4.8,4.9,290200.0
NCCBLMF1,2016-04-27,4.8,5.0,4.8,4.9,161999.0
NCCBLMF1,2016-04-26,4.8,5.0,4.8,4.9,214436.0
NCCBLMF1,2016-04-25,4.8,5.0,4.8,4.9,244000.0
NCCBLMF1,2016-04-24,4.9,4.9,4.9,4.9,62000.0
NCCBLMF1,2016-04-21,5.0,5.0,4.8,5.0,248818.0
NCCBLMF1,2016-04-20,5.0,5.1,5.0,5.1,275010.0
NCCBLMF1,2016-04-19,5.1,5.2,5.1,5.1,361130.0
NCCBLMF1,2016-04-18,5.0,5.2,5.0,5.1,61501.0
NCCBLMF1,2016-04-17,5.1,5.1,5.0,5.1,65688.0
NCCBLMF1,2016-04-13,5.1,5.1,5.0,5.1,652579.0
NCCBLMF1,2016-04-12,7.0,7.1,7.0,7.0,141000.0
NCCBLMF1,2016-04-10,7.1,7.1,7.0,7.1,319800.0
NCCBLMF1,2016-04-09,6.2,6.4,6.2,6.3,142500.0
NCCBLMF1,2016-04-08,6.2,6.2,6.2,6.2,500.0
NCCBLMF1,2016-04-05,4.9,5.0,4.9,5.0,377837.0
NCCBLMF1,2016-04-04,5.6,5.8,5.5,5.7,841514.0
NCCBLMF1,2016-04-02,6.8,6.8,6.6,6.6,195479.0
NCCBLMF1,2016-04-01,5.9,5.9,5.8,5.8,453249.0
NCCBLMF1,2016-03-31,5.5,5.6,5.4,5.5,712010.0
NCCBLMF1,2016-03-30,5.4,5.5,5.4,5.4,479922.0
NCCBLMF1,2016-03-29,5.4,5.5,5.4,5.4,110201.0
NCCBLMF1,2016-03-28,5.5,5.5,5.3,5.4,486877.0
NCCBLMF1,2016-03-27,5.5,5.5,5.4,5.5,196306.0
NCCBLMF1,2016-03-24,5.4,5.5,5.4,5.4,315397.0
NCCBLMF1,2016-03-23,5.4,5.5,5.4,5.4,233876.0
NCCBLMF1,2016-03-22,5.5,5.5,5.3,5.4,357901.0
NCCBLMF1,2016-03-21,5.5,5.5,5.3,5.4,697350.0
NCCBLMF1,2016-03-20,5.6,5.6,5.5,5.6,439930.0
NCCBLMF1,2016-03-16,5.8,5.8,5.5,5.6,478382.0
NCCBLMF1,2016-03-15,6.1,6.1,5.5,5.6,992244.0
NCCBLMF1,2016-03-14,6.4,6.5,5.8,5.9,1774194.0
NCCBLMF1,2016-03-13,6.4,6.5,6.4,6.4,463644.0
NCCBLMF1,2016-03-11,6.9,6.9,6.9,6.9,109601.0
NCCBLMF1,2016-03-10,7.1,7.1,7.0,7.1,380930.0
NCCBLMF1,2016-03-08,6.0,6.1,6.0,6.0,1000.0
NCCBLMF1,2016-03-05,4.9,5.0,4.8,4.9,574170.0
NCCBLMF1,2016-03-04,5.5,5.7,5.5,5.6,264958.0
NCCBLMF1,2016-03-03,6.3,6.4,6.2,6.3,100669.0
NCCBLMF1,2016-03-02,6.7,6.8,6.6,6.6,267447.0
NCCBLMF1,2016-03-01,6.0,6.0,5.9,5.9,196832.0
NCCBLMF1,2016-02-29,6.4,6.5,6.3,6.4,341540.0
NCCBLMF1,2016-02-28,6.5,6.5,6.4,6.5,386165.0
NCCBLMF1,2016-02-25,6.4,6.5,6.4,6.4,304690.0
NCCBLMF1,2016-02-24,6.4,6.5,6.4,6.4,116760.0
NCCBLMF1,2016-02-23,6.4,6.5,6.3,6.4,322400.0
NCCBLMF1,2016-02-22,6.4,6.4,6.3,6.3,536291.0
NCCBLMF1,2016-02-18,6.5,6.5,6.4,6.5,259005.0
NCCBLMF1,2016-02-17,6.6,6.7,6.4,6.5,679709.0
NCCBLMF1,2016-02-16,6.6,6.7,6.5,6.6,482751.0
NCCBLMF1,2016-02-15,6.5,6.6,6.5,6.5,324751.0
NCCBLMF1,2016-02-14,6.6,6.7,6.5,6.6,219102.0
NCCBLMF1,2016-02-11,6.9,6.9,6.8,6.9,119844.0
NCCBLMF1,2016-02-10,7.0,7.1,7.0,7.1,25600.0
NCCBLMF1,2016-02-08,6.0,6.0,6.0,6.0,150000.0
NCCBLMF1,2016-02-06,5.1,5.1,5.1,5.1,134600.0
NCCBLMF1,2016-02-05,4.9,4.9,4.9,4.9,162960.0
NCCBLMF1,2016-02-03,6.2,6.4,6.2,6.3,83561.0
NCCBLMF1,2016-02-02,6.7,6.8,6.6,6.7,626409.0
NCCBLMF1,2016-01-31,6.8,6.8,6.6,6.6,536963.0
NCCBLMF1,2016-01-28,6.8,6.9,6.8,6.8,467895.0
NCCBLMF1,2016-01-27,6.8,7.0,6.7,6.8,822654.0
NCCBLMF1,2016-01-26,6.9,7.0,6.8,6.8,1785350.0
NCCBLMF1,2016-01-25,6.8,6.9,6.7,6.8,846987.0
NCCBLMF1,2016-01-24,6.7,6.8,6.6,6.7,313348.0
NCCBLMF1,2016-01-21,6.6,6.7,6.5,6.6,825100.0
NCCBLMF1,2016-01-20,6.7,6.7,6.5,6.6,1074900.0
NCCBLMF1,2016-01-19,6.9,6.9,6.7,6.7,878654.0
NCCBLMF1,2016-01-18,6.8,6.9,6.8,6.8,1565278.0
NCCBLMF1,2016-01-17,6.5,6.8,6.5,6.7,2248061.0
NCCBLMF1,2016-01-14,6.5,6.6,6.4,6.5,2176254.0
NCCBLMF1,2016-01-13,6.4,6.5,6.3,6.5,811073.0
NCCBLMF1,2016-01-12,7.1,7.1,7.0,7.1,98470.0
NCCBLMF1,2016-01-11,6.8,6.9,6.8,6.9,51000.0
NCCBLMF1,2016-01-09,6.2,6.3,6.2,6.2,5000.0
NCCBLMF1,2016-01-08,6.0,6.0,6.0,6.0,200.0
NCCBLMF1,2016-01-06,5.1,5.1,5.1,5.1,71200.0
NCCBLMF1,2016-01-03,6.4,6.4,6.2,6.3,508960.0
NCCBLMF1,2016-01-02,6.6,6.7,6.5,6.6,858401.0
NCCBLMF1,2015-12-31,5.9,5.9,5.9,5.9,448719.0
NCCBLMF1,2015-12-30,5.8,5.9,5.8,5.9,507864.0
NCCBLMF1,2015-12-29,5.9,6.0,5.8,5.9,747450.0
NCCBLMF1,2015-12-28,5.9,5.9,5.8,5.9,315300.0
NCCBLMF1,2015-12-27,5.9,6.0,5.8,5.9,810263.0
NCCBLMF1,2015-12-24,5.8,5.9,5.8,5.9,191500.0
NCCBLMF1,2015-12-23,6.0,6.0,5.8,5.9,501215.0
NCCBLMF1,2015-12-22,6.0,6.0,5.9,5.9,276700.0
NCCBLMF1,2015-12-21,5.9,5.9,5.8,5.9,100442.0
NCCBLMF1,2015-12-20,5.9,6.0,5.8,5.8,580900.0
NCCBLMF1,2015-12-17,5.9,6.0,5.9,5.9,197358.0
NCCBLMF1,2015-12-15,5.9,5.9,5.8,5.8,500881.0
NCCBLMF1,2015-12-14,5.9,5.9,5.8,5.9,98750.0
NCCBLMF1,2015-12-13,5.9,5.9,5.8,5.9,134500.0
NCCBLMF1,2015-12-11,5.8,5.8,5.7,5.7,72140.0
NCCBLMF1,2015-12-10,6.1,6.2,5.9,6.1,684505.0
NCCBLMF1,2015-12-08,4.4,4.5,4.3,4.4,365562.0
NCCBLMF1,2015-12-07,3.9,4.1,3.9,4.1,1699332.0
NCCBLMF1,2015-12-05,4.0,4.4,4.0,4.4,2842430.0
NCCBLMF1,2015-12-04,3.6,3.8,3.6,3.6,450599.0
NCCBLMF1,2015-12-03,4.1,4.2,4.1,4.1,122965.0
NCCBLMF1,2015-12-02,5.4,5.5,5.1,5.2,4793904.0
NCCBLMF1,2015-12-01,5.7,5.7,5.6,5.6,202440.0
NCCBLMF1,2015-11-30,6.0,6.0,5.7,5.8,898004.0
NCCBLMF1,2015-11-29,6.0,6.1,5.9,5.9,284703.0
NCCBLMF1,2015-11-26,6.0,6.1,5.9,6.0,135338.0
NCCBLMF1,2015-11-25,5.9,6.0,5.9,6.0,15031.0
NCCBLMF1,2015-11-24,6.0,6.0,5.9,6.0,60553.0
NCCBLMF1,2015-11-23,6.0,6.2,5.9,6.0,291833.0
NCCBLMF1,2015-11-22,6.0,6.1,6.0,6.1,566842.0
NCCBLMF1,2015-11-19,5.9,6.1,5.8,6.0,691286.0
NCCBLMF1,2015-11-18,5.7,6.2,5.6,5.9,869025.0
NCCBLMF1,2015-11-17,5.7,5.8,5.7,5.7,252435.0
NCCBLMF1,2015-11-16,5.6,5.8,5.6,5.7,1011664.0
NCCBLMF1,2015-11-15,5.7,5.7,5.5,5.6,281800.0
NCCBLMF1,2015-11-11,5.8,5.8,5.6,5.7,226042.0
NCCBLMF1,2015-11-10,6.3,6.3,6.0,6.1,1534083.0
NCCBLMF1,2015-11-08,4.5,4.5,4.4,4.4,433509.0
NCCBLMF1,2015-11-06,3.8,3.8,3.7,3.8,165476.0
NCCBLMF1,2015-11-05,3.9,4.1,3.7,4.0,1215128.0
NCCBLMF1,2015-11-03,4.2,4.3,4.1,4.1,611883.0
NCCBLMF1,2015-11-02,5.4,5.4,5.2,5.3,3209436.0
NCCBLMF1,2015-11-01,5.7,5.7,5.6,5.7,131373.0
NCCBLMF1,2015-10-29,5.8,6.1,5.8,6.0,1163491.0
NCCBLMF1,2015-10-28,5.7,5.8,5.6,5.7,977233.0
NCCBLMF1,2015-10-27,5.5,5.7,5.5,5.7,39200.0
NCCBLMF1,2015-10-26,5.6,5.7,5.6,5.6,423215.0
NCCBLMF1,2015-10-25,5.6,5.6,5.5,5.6,235100.0
NCCBLMF1,2015-10-21,5.6,5.8,5.6,5.7,320270.0
NCCBLMF1,2015-10-20,5.8,5.8,5.6,5.7,138147.0
NCCBLMF1,2015-10-19,5.9,5.9,5.7,5.7,295967.0
NCCBLMF1,2015-10-18,5.9,6.0,5.7,5.7,232875.0
NCCBLMF1,2015-10-15,6.0,6.3,5.8,5.9,1173800.0
NCCBLMF1,2015-10-14,6.1,6.1,5.9,6.0,446750.0
NCCBLMF1,2015-10-13,6.1,6.3,5.9,6.1,1179236.0
NCCBLMF1,2015-10-12,5.9,6.0,5.8,5.9,407659.0
NCCBLMF1,2015-10-11,5.9,5.9,5.8,5.8,185600.0
NCCBLMF1,2015-10-09,5.1,5.3,4.9,5.1,1357044.0
NCCBLMF1,2015-10-08,4.4,4.5,4.4,4.4,215501.0
NCCBLMF1,2015-10-06,3.7,3.9,3.7,3.8,835544.0
NCCBLMF1,2015-10-05,3.6,3.8,3.6,3.8,934285.0
NCCBLMF1,2015-10-03,4.2,4.3,4.2,4.2,339335.0
NCCBLMF1,2015-10-02,5.5,5.5,5.3,5.4,907897.0
NCCBLMF1,2015-09-30,5.0,5.2,5.0,5.1,490379.0
NCCBLMF1,2015-09-29,5.0,5.1,4.9,4.9,824400.0
NCCBLMF1,2015-09-28,5.0,5.1,4.9,5.0,99500.0
NCCBLMF1,2015-09-22,5.0,5.0,4.8,4.9,457500.0
NCCBLMF1,2015-09-21,5.1,5.2,4.9,5.0,1206800.0
NCCBLMF1,2015-09-20,5.0,5.1,5.0,5.1,254800.0
NCCBLMF1,2015-09-17,5.0,5.2,5.0,5.2,1160974.0
NCCBLMF1,2015-09-16,4.9,5.0,4.8,5.0,990230.0
NCCBLMF1,2015-09-15,4.8,5.0,4.8,4.9,1060513.0
NCCBLMF1,2015-09-14,4.8,5.0,4.8,4.8,1018582.0
NCCBLMF1,2015-09-13,4.9,5.1,4.8,4.8,1424730.0
NCCBLMF1,2015-09-12,6.0,6.0,5.9,5.9,202730.0
NCCBLMF1,2015-09-11,5.8,5.9,5.8,5.9,199710.0
NCCBLMF1,2015-09-09,5.2,5.4,5.0,5.1,994931.0
NCCBLMF1,2015-09-08,4.4,4.6,4.4,4.5,395055.0
NCCBLMF1,2015-09-07,3.7,3.9,3.7,3.8,735089.0
NCCBLMF1,2015-09-06,3.7,3.7,3.6,3.6,156202.0
NCCBLMF1,2015-09-04,3.6,3.7,3.6,3.7,373720.0
NCCBLMF1,2015-09-03,4.3,4.3,4.2,4.2,644025.0
NCCBLMF1,2015-09-02,5.5,5.5,5.3,5.4,943223.0
NCCBLMF1,2015-08-31,4.3,4.3,4.2,4.2,113990.0
NCCBLMF1,2015-08-30,4.3,4.3,4.2,4.3,77550.0
NCCBLMF1,2015-08-27,4.2,4.3,4.2,4.2,23920.0
NCCBLMF1,2015-08-26,4.2,4.3,4.2,4.2,72810.0
NCCBLMF1,2015-08-25,4.3,4.3,4.2,4.3,165200.0
NCCBLMF1,2015-08-24,4.4,4.4,4.2,4.3,168760.0
NCCBLMF1,2015-08-23,4.3,4.3,4.2,4.2,77042.0
NCCBLMF1,2015-08-20,4.3,4.3,4.3,4.3,151780.0
NCCBLMF1,2015-08-19,4.3,4.4,4.2,4.4,387900.0
NCCBLMF1,2015-08-18,4.2,4.3,4.1,4.2,123710.0
NCCBLMF1,2015-08-17,4.3,4.3,4.2,4.2,278400.0
NCCBLMF1,2015-08-16,4.4,4.4,4.2,4.3,380300.0
NCCBLMF1,2015-08-13,4.4,4.4,4.4,4.4,147725.0
NCCBLMF1,2015-08-12,5.9,6.0,5.8,5.9,298526.0
NCCBLMF1,2015-08-11,5.9,6.0,5.8,5.9,168000.0
NCCBLMF1,2015-08-10,5.9,6.4,5.7,6.0,2104754.0
NCCBLMF1,2015-08-09,5.0,5.3,4.9,5.2,2122189.0
NCCBLMF1,2015-08-07,3.7,3.8,3.6,3.7,262901.0
NCCBLMF1,2015-08-06,3.7,3.8,3.6,3.6,471127.0
NCCBLMF1,2015-08-04,3.6,3.7,3.6,3.6,456656.0
NCCBLMF1,2015-08-03,4.3,4.4,4.2,4.3,373175.0
NCCBLMF1,2015-08-02,5.5,5.6,5.4,5.5,443100.0
NCCBLMF1,2015-08-01,5.8,5.8,5.6,5.6,51820.0
NCCBLMF1,2015-07-30,4.4,4.5,4.3,4.4,421450.0
NCCBLMF1,2015-07-29,4.5,4.7,4.5,4.5,808257.0
NCCBLMF1,2015-07-28,4.2,4.5,4.2,4.5,1959509.0
NCCBLMF1,2015-07-27,4.2,4.3,4.2,4.2,759030.0
NCCBLMF1,2015-07-26,4.2,4.2,4.1,4.1,372455.0
NCCBLMF1,2015-07-23,4.2,4.2,4.1,4.1,106697.0
NCCBLMF1,2015-07-22,4.2,4.3,4.1,4.1,373334.0
NCCBLMF1,2015-07-21,4.2,4.3,4.1,4.2,326805.0
NCCBLMF1,2015-07-14,4.1,4.3,4.1,4.2,508675.0
NCCBLMF1,2015-07-13,4.3,4.5,4.1,4.2,1131340.0
NCCBLMF1,2015-07-12,5.9,5.9,5.7,5.7,163581.0
NCCBLMF1,2015-07-10,5.4,5.9,5.4,5.9,2805163.0
NCCBLMF1,2015-07-09,4.7,5.1,4.7,5.0,2805742.0
NCCBLMF1,2015-07-07,3.7,3.7,3.6,3.7,307400.0
NCCBLMF1,2015-07-06,3.9,3.9,3.7,3.7,163958.0
NCCBLMF1,2015-07-05,3.4,3.5,3.4,3.5,277660.0
NCCBLMF1,2015-07-04,3.7,3.7,3.6,3.6,862424.0
NCCBLMF1,2015-07-01,5.7,5.7,5.6,5.7,93054.0
NCCBLMF1,2015-06-30,3.7,3.7,3.6,3.7,362908.0
NCCBLMF1,2015-06-29,3.7,3.7,3.6,3.6,131600.0
NCCBLMF1,2015-06-28,3.6,3.7,3.6,3.6,238007.0
NCCBLMF1,2015-06-25,3.6,3.7,3.6,3.6,38703.0
NCCBLMF1,2015-06-24,3.6,3.7,3.6,3.7,577770.0
NCCBLMF1,2015-06-23,3.6,3.7,3.6,3.6,241675.0
NCCBLMF1,2015-06-22,3.6,3.7,3.6,3.6,171200.0
NCCBLMF1,2015-06-21,3.7,3.7,3.6,3.7,229400.0
NCCBLMF1,2015-06-18,3.8,3.8,3.6,3.7,108330.0
NCCBLMF1,2015-06-17,3.6,3.8,3.5,3.7,415960.0
NCCBLMF1,2015-06-16,3.6,3.7,3.6,3.7,99450.0
NCCBLMF1,2015-06-15,3.7,3.7,3.4,3.6,829600.0
NCCBLMF1,2015-06-14,3.7,3.8,3.6,3.6,220060.0
NCCBLMF1,2015-06-12,5.8,5.8,5.8,5.8,94839.0
NCCBLMF1,2015-06-10,5.5,5.6,5.4,5.4,1051450.0
NCCBLMF1,2015-06-09,4.4,4.7,4.4,4.7,1306805.0
NCCBLMF1,2015-06-08,4.5,4.6,4.3,4.4,1183940.0
NCCBLMF1,2015-06-07,3.7,3.8,3.6,3.7,278283.0
NCCBLMF1,2015-06-05,3.4,3.5,3.3,3.5,986279.0
NCCBLMF1,2015-06-04,3.8,3.9,3.7,3.7,894957.0
NCCBLMF1,2015-06-01,5.7,5.8,5.7,5.7,113180.0
NCCBLMF1,2015-05-31,3.9,4.0,3.8,3.8,458208.0
NCCBLMF1,2015-05-28,3.9,3.9,3.8,3.9,167070.0
NCCBLMF1,2015-05-27,3.9,4.0,3.9,3.9,367545.0
NCCBLMF1,2015-05-26,4.1,4.1,3.9,3.9,500300.0
NCCBLMF1,2015-05-25,4.0,4.1,3.9,4.0,341251.0
NCCBLMF1,2015-05-24,4.0,4.0,3.9,3.9,60878.0
NCCBLMF1,2015-05-21,4.0,4.2,3.9,4.0,945087.0
NCCBLMF1,2015-05-20,4.0,4.1,3.9,4.0,367435.0
NCCBLMF1,2015-05-19,4.0,4.2,3.9,4.0,577537.0
NCCBLMF1,2015-05-18,3.8,4.0,3.7,4.0,622960.0
NCCBLMF1,2015-05-17,3.9,3.9,3.7,3.7,520807.0
NCCBLMF1,2015-05-14,4.1,4.2,3.9,3.9,937163.0
NCCBLMF1,2015-05-13,4.4,4.5,4.1,4.1,645116.0
NCCBLMF1,2015-05-11,5.9,5.9,5.9,5.9,190960.0
NCCBLMF1,2015-05-10,5.4,5.6,5.3,5.5,407516.0
NCCBLMF1,2015-05-08,4.5,4.5,4.4,4.5,485759.0
NCCBLMF1,2015-05-07,3.6,3.8,3.6,3.7,588808.0
NCCBLMF1,2015-05-05,3.4,3.4,3.3,3.3,46570.0
NCCBLMF1,2015-05-04,3.9,3.9,3.8,3.8,314420.0
NCCBLMF1,2015-05-03,4.3,4.4,4.2,4.3,541273.0
NCCBLMF1,2015-05-02,5.4,5.5,5.3,5.5,518177.0
NCCBLMF1,2015-05-01,5.8,5.9,5.7,5.8,74000.0
NCCBLMF1,2015-04-30,3.4,3.5,3.3,3.4,964324.0
NCCBLMF1,2015-04-29,3.4,3.4,3.3,3.4,145100.0
NCCBLMF1,2015-04-27,3.3,3.5,3.3,3.4,352749.0
NCCBLMF1,2015-04-26,3.4,3.4,3.3,3.4,277100.0
NCCBLMF1,2015-04-23,3.5,3.5,3.4,3.4,627766.0
NCCBLMF1,2015-04-22,3.6,3.7,3.4,3.5,758718.0
NCCBLMF1,2015-04-21,3.6,3.7,3.5,3.6,461003.0
NCCBLMF1,2015-04-20,3.6,3.7,3.6,3.6,755109.0
NCCBLMF1,2015-04-19,3.7,3.8,3.6,3.6,705230.0
NCCBLMF1,2015-04-16,3.7,3.8,3.6,3.7,350000.0
NCCBLMF1,2015-04-15,3.7,3.8,3.6,3.7,583854.0
NCCBLMF1,2015-04-13,3.6,3.7,3.6,3.6,363353.0
NCCBLMF1,2015-04-11,6.0,6.0,5.8,5.9,225100.0
NCCBLMF1,2015-04-10,5.7,5.9,5.4,5.5,1408050.0
NCCBLMF1,2015-04-08,4.6,4.6,4.4,4.4,374476.0
NCCBLMF1,2015-04-06,3.7,3.8,3.7,3.7,282350.0
NCCBLMF1,2015-04-05,3.3,3.4,3.3,3.3,116555.0
NCCBLMF1,2015-04-03,4.2,4.3,4.2,4.2,120820.0
NCCBLMF1,2015-04-02,5.4,5.5,5.3,5.3,288592.0
NCCBLMF1,2015-03-31,4.0,4.0,3.9,3.9,459625.0
NCCBLMF1,2015-03-30,4.0,4.1,3.9,3.9,951005.0
NCCBLMF1,2015-03-29,4.0,4.1,3.9,4.0,500285.0
NCCBLMF1,2015-03-25,4.1,4.1,3.9,3.9,235795.0
NCCBLMF1,2015-03-24,4.1,4.1,3.9,4.0,409863.0
NCCBLMF1,2015-03-23,4.0,4.1,4.0,4.0,218227.0
NCCBLMF1,2015-03-22,4.1,4.1,3.9,4.0,373311.0
NCCBLMF1,2015-03-19,4.0,4.1,4.0,4.0,201050.0
NCCBLMF1,2015-03-18,4.1,4.1,3.9,4.0,568399.0
NCCBLMF1,2015-03-16,4.1,4.1,4.0,4.0,544649.0
NCCBLMF1,2015-03-15,4.1,4.3,4.0,4.1,819390.0
NCCBLMF1,2015-03-12,5.9,5.9,5.7,5.7,551116.0
NCCBLMF1,2015-03-11,6.0,6.0,5.8,5.9,551580.0
NCCBLMF1,2015-03-09,4.4,4.5,4.4,4.4,1023600.0
NCCBLMF1,2015-03-08,4.4,4.6,4.4,4.5,889889.0
NCCBLMF1,2015-03-03,4.3,4.4,4.2,4.2,615910.0
NCCBLMF1,2015-03-02,5.3,5.4,5.3,5.4,164813.0
NCCBLMF1,2015-02-26,4.5,4.5,4.4,4.4,355955.0
NCCBLMF1,2015-02-25,4.6,4.6,4.4,4.5,1358419.0
NCCBLMF1,2015-02-23,4.9,5.0,4.8,4.8,1227568.0
NCCBLMF1,2015-02-22,4.9,5.0,4.8,4.9,1246674.0
NCCBLMF1,2015-02-19,4.9,5.0,4.8,4.9,585665.0
NCCBLMF1,2015-02-18,5.0,5.0,4.8,4.9,2470965.0
NCCBLMF1,2015-02-17,4.9,5.0,4.9,4.9,873006.0
NCCBLMF1,2015-02-16,5.1,5.1,4.8,4.9,1625962.0
NCCBLMF1,2015-02-15,5.0,5.1,4.9,4.9,2672081.0
NCCBLMF1,2015-02-12,5.9,6.0,5.8,5.9,719190.0
NCCBLMF1,2015-02-11,6.0,6.1,5.9,6.0,271176.0
NCCBLMF1,2015-02-09,4.3,4.4,4.3,4.4,349864.0
NCCBLMF1,2015-02-08,4.4,4.4,4.3,4.3,445030.0
NCCBLMF1,2015-02-07,3.6,3.7,3.6,3.7,261998.0
NCCBLMF1,2015-02-06,3.7,3.8,3.7,3.8,165800.0
NCCBLMF1,2015-02-04,4.0,4.0,3.8,3.8,394667.0
NCCBLMF1,2015-02-03,4.4,4.5,4.2,4.3,665990.0
NCCBLMF1,2015-02-02,5.4,5.4,5.2,5.3,273935.0
NCCBLMF1,2015-01-29,5.5,5.5,5.4,5.4,211165.0
NCCBLMF1,2015-01-28,5.5,5.6,5.4,5.4,350035.0
NCCBLMF1,2015-01-27,5.5,5.7,5.3,5.6,678686.0
NCCBLMF1,2015-01-26,5.7,5.7,5.4,5.5,802827.0
NCCBLMF1,2015-01-25,5.8,5.8,5.5,5.6,804312.0
NCCBLMF1,2015-01-22,5.8,5.9,5.6,5.8,1444518.0
NCCBLMF1,2015-01-21,6.3,6.3,5.7,5.9,1693470.0
NCCBLMF1,2015-01-20,6.0,6.3,5.9,6.3,5933419.0
NCCBLMF1,2015-01-19,5.6,6.0,5.6,5.7,2518777.0
NCCBLMF1,2015-01-18,5.5,5.6,5.4,5.5,699115.0
NCCBLMF1,2015-01-15,5.6,5.6,5.5,5.5,73300.0
NCCBLMF1,2015-01-14,5.6,5.6,5.5,5.6,107300.0
NCCBLMF1,2015-01-13,5.7,5.7,5.6,5.6,32500.0
NCCBLMF1,2015-01-12,5.9,5.9,5.8,5.8,120530.0
NCCBLMF1,2015-01-11,6.0,6.2,5.9,5.9,697764.0
NCCBLMF1,2015-01-10,5.1,5.6,5.1,5.6,2750299.0
NCCBLMF1,2015-01-09,4.3,4.3,4.2,4.2,81920.0
NCCBLMF1,2015-01-06,3.8,3.9,3.7,3.8,352798.0
NCCBLMF1,2015-01-04,3.9,4.0,3.8,3.9,572026.0
NCCBLMF1,2015-01-03,4.5,4.5,4.3,4.4,741139.0
NCCBLMF1,2015-01-02,5.4,5.4,5.2,5.2,339406.0
NCCBLMF1,2015-01-01,5.8,5.8,5.6,5.7,114500.0
NCCBLMF1,2014-12-30,5.8,5.8,5.6,5.6,524362.0
NCCBLMF1,2014-12-29,5.8,5.8,5.6,5.6,38217.0
NCCBLMF1,2014-12-28,5.6,5.7,5.6,5.6,7017.0
NCCBLMF1,2014-12-24,5.8,5.8,5.6,5.6,49300.0
NCCBLMF1,2014-12-23,5.7,5.8,5.6,5.7,16017.0
NCCBLMF1,2014-12-22,5.9,5.9,5.5,5.6,177830.0
NCCBLMF1,2014-12-21,5.7,5.9,5.7,5.7,22358.0
NCCBLMF1,2014-12-18,5.9,5.9,5.6,5.8,84338.0
NCCBLMF1,2014-12-17,5.9,5.9,5.8,5.9,18406.0
NCCBLMF1,2014-12-15,5.8,6.0,5.8,5.9,516000.0
NCCBLMF1,2014-12-14,5.9,5.9,5.7,5.8,55700.0
NCCBLMF1,2014-12-11,5.8,5.8,5.7,5.7,35000.0
NCCBLMF1,2014-12-10,5.7,6.1,5.7,6.1,735500.0
NCCBLMF1,2014-12-08,5.7,6.1,5.7,6.0,95000.0
NCCBLMF1,2014-12-06,6.6,6.8,6.6,6.7,119500.0
NCCBLMF1,2014-12-05,7.3,7.4,7.3,7.3,131000.0
NCCBLMF1,2014-12-03,8.0,8.1,7.8,7.9,261500.0
NCCBLMF1,2014-12-02,13.0,13.0,10.4,10.5,2897500.0
NCCBLMF1,2014-12-01,8.8,8.8,8.6,8.6,16000.0
NCCBLMF1,2014-11-30,5.4,5.6,5.4,5.4,12500.0
NCCBLMF1,2014-11-27,5.4,5.6,5.3,5.4,57000.0
NCCBLMF1,2014-11-26,5.5,5.5,5.4,5.4,25500.0
NCCBLMF1,2014-11-25,5.6,5.6,5.4,5.5,33000.0
NCCBLMF1,2014-11-24,5.6,5.6,5.4,5.4,14000.0
NCCBLMF1,2014-11-23,5.6,5.6,5.5,5.5,30500.0
NCCBLMF1,2014-11-20,5.6,5.6,5.5,5.5,58000.0
NCCBLMF1,2014-11-19,5.6,5.8,5.5,5.6,84500.0
NCCBLMF1,2014-11-18,5.7,5.8,5.5,5.5,123000.0
NCCBLMF1,2014-11-17,5.7,5.8,5.6,5.6,70500.0
NCCBLMF1,2014-11-16,5.7,5.8,5.6,5.7,22500.0
NCCBLMF1,2014-11-13,5.8,5.8,5.7,5.7,79500.0
NCCBLMF1,2014-11-12,5.8,5.9,5.8,5.8,27811.0
NCCBLMF1,2014-11-11,5.8,5.8,5.6,5.6,57000.0
NCCBLMF1,2014-11-09,5.6,5.8,5.4,5.5,43000.0
NCCBLMF1,2014-11-08,6.0,6.0,5.7,5.8,96000.0
NCCBLMF1,2014-11-06,6.6,6.7,6.6,6.6,46000.0
NCCBLMF1,2014-11-05,7.5,7.5,7.3,7.3,27000.0
NCCBLMF1,2014-11-03,8.1,8.2,7.8,7.8,194500.0
NCCBLMF1,2014-11-02,9.2,9.4,9.1,9.2,11000.0
NCCBLMF1,2014-10-30,6.1,6.2,6.0,6.0,88000.0
NCCBLMF1,2014-10-29,6.1,6.1,5.9,5.9,80500.0
NCCBLMF1,2014-10-28,6.1,6.1,6.0,6.1,66000.0
NCCBLMF1,2014-10-27,6.1,6.1,6.0,6.0,87500.0
NCCBLMF1,2014-10-26,6.0,6.1,6.0,6.0,32500.0
NCCBLMF1,2014-10-23,5.9,6.3,5.8,6.2,259000.0
NCCBLMF1,2014-10-22,6.0,6.1,5.7,5.8,193500.0
NCCBLMF1,2014-10-21,6.1,6.2,6.0,6.0,165500.0
NCCBLMF1,2014-10-20,6.2,6.2,6.0,6.0,60500.0
NCCBLMF1,2014-10-19,6.6,6.6,6.2,6.2,177000.0
NCCBLMF1,2014-10-16,6.4,6.5,6.4,6.4,228000.0
NCCBLMF1,2014-10-15,6.6,6.7,6.2,6.3,356500.0
NCCBLMF1,2014-10-14,6.5,6.6,6.4,6.4,866000.0
NCCBLMF1,2014-10-13,6.6,6.7,6.5,6.5,828500.0
NCCBLMF1,2014-10-12,6.0,6.1,5.9,5.9,230500.0
NCCBLMF1,2014-10-11,5.8,5.9,5.7,5.7,73000.0
NCCBLMF1,2014-10-09,5.5,5.5,5.3,5.3,403000.0
NCCBLMF1,2014-10-08,6.1,6.1,5.8,5.9,114500.0
NCCBLMF1,2014-10-07,6.5,6.5,6.4,6.4,87000.0
NCCBLMF1,2014-10-06,6.6,6.6,6.5,6.5,33000.0
NCCBLMF1,2014-10-04,7.8,7.8,7.4,7.4,211000.0
NCCBLMF1,2014-10-03,8.0,8.1,8.0,8.0,203000.0
NCCBLMF1,2014-09-30,5.6,5.7,5.5,5.6,52500.0
NCCBLMF1,2014-09-29,5.8,5.8,5.5,5.5,106500.0
NCCBLMF1,2014-09-28,5.9,5.9,5.6,5.8,33000.0
NCCBLMF1,2014-09-25,5.8,5.9,5.6,5.8,111000.0
NCCBLMF1,2014-09-24,5.6,5.8,5.6,5.7,157500.0
NCCBLMF1,2014-09-23,5.4,5.6,5.4,5.5,193000.0
NCCBLMF1,2014-09-22,5.4,5.5,5.3,5.4,222500.0
NCCBLMF1,2014-09-21,5.4,5.4,5.2,5.3,185500.0
NCCBLMF1,2014-09-18,5.4,5.4,5.2,5.3,135500.0
NCCBLMF1,2014-09-17,5.4,5.4,5.2,5.3,40000.0
NCCBLMF1,2014-09-16,5.4,5.4,5.2,5.2,334000.0
NCCBLMF1,2014-09-15,5.5,5.5,5.4,5.4,14000.0
NCCBLMF1,2014-09-14,5.5,5.6,5.4,5.4,105000.0
NCCBLMF1,2014-09-12,5.7,6.2,5.7,5.9,187500.0
NCCBLMF1,2014-09-11,5.7,5.8,5.7,5.7,133500.0
NCCBLMF1,2014-09-09,5.5,5.5,5.5,5.5,18500.0
NCCBLMF1,2014-09-07,6.6,6.6,6.4,6.4,130000.0
NCCBLMF1,2014-09-06,6.5,6.5,6.5,6.5,63000.0
NCCBLMF1,2014-09-04,7.7,7.8,7.5,7.5,146000.0
NCCBLMF1,2014-09-03,8.3,8.3,8.0,8.0,245000.0
NCCBLMF1,2014-09-01,8.7,8.8,8.6,8.6,26500.0
NCCBLMF1,2014-08-31,5.4,5.6,5.3,5.4,44000.0
NCCBLMF1,2014-08-28,5.4,5.6,5.4,5.4,8500.0
NCCBLMF1,2014-08-27,5.5,5.5,5.4,5.4,115500.0
NCCBLMF1,2014-08-26,5.6,5.7,5.6,5.6,35000.0
NCCBLMF1,2014-08-25,5.6,5.6,5.5,5.5,48500.0
NCCBLMF1,2014-08-24,5.6,5.6,5.5,5.5,61000.0
NCCBLMF1,2014-08-21,5.7,5.7,5.6,5.6,17000.0
NCCBLMF1,2014-08-20,5.5,5.7,5.5,5.5,22000.0
NCCBLMF1,2014-08-19,5.7,5.7,5.4,5.5,33500.0
NCCBLMF1,2014-08-18,5.8,5.8,5.6,5.6,91000.0
NCCBLMF1,2014-08-14,6.0,6.0,5.8,5.8,41500.0
NCCBLMF1,2014-08-13,6.0,6.0,5.9,5.9,14500.0
NCCBLMF1,2014-08-12,5.6,5.8,5.6,5.7,108500.0
NCCBLMF1,2014-08-09,5.5,5.7,5.4,5.5,70500.0
NCCBLMF1,2014-08-07,6.6,6.6,6.5,6.5,22000.0
NCCBLMF1,2014-08-06,6.5,6.5,6.4,6.4,39000.0
NCCBLMF1,2014-08-05,7.4,7.5,7.3,7.3,115500.0
NCCBLMF1,2014-08-04,7.9,7.9,7.6,7.6,123500.0
NCCBLMF1,2014-08-01,8.8,8.9,8.6,8.7,48500.0
NCCBLMF1,2014-07-24,6.4,6.4,6.3,6.3,18000.0
NCCBLMF1,2014-07-23,6.4,6.4,6.2,6.3,83500.0
NCCBLMF1,2014-07-22,6.5,6.5,6.4,6.4,13000.0
NCCBLMF1,2014-07-21,6.3,6.4,6.3,6.3,12000.0
NCCBLMF1,2014-07-20,6.3,6.4,6.3,6.3,15000.0
NCCBLMF1,2014-07-17,6.4,6.4,6.3,6.3,17500.0
NCCBLMF1,2014-07-16,6.5,6.5,6.3,6.3,33000.0
NCCBLMF1,2014-07-15,6.5,6.5,6.4,6.4,2500.0
NCCBLMF1,2014-07-14,6.5,6.5,6.5,6.5,500.0
NCCBLMF1,2014-07-13,6.3,6.4,6.3,6.3,3500.0
NCCBLMF1,2014-07-12,5.5,5.7,5.5,5.6,94000.0
NCCBLMF1,2014-07-09,5.6,5.6,5.4,5.4,86500.0
NCCBLMF1,2014-07-08,6.1,6.1,6.0,6.0,188500.0
NCCBLMF1,2014-07-07,6.6,6.6,6.6,6.6,4000.0
NCCBLMF1,2014-07-05,7.4,7.5,7.4,7.4,199500.0
NCCBLMF1,2014-07-04,7.7,7.8,7.7,7.8,115500.0
NCCBLMF1,2014-07-01,8.7,8.9,8.6,8.7,42000.0
NCCBLMF1,2014-06-30,6.8,6.8,6.6,6.7,21500.0
NCCBLMF1,2014-06-29,6.7,6.8,6.6,6.7,97000.0
NCCBLMF1,2014-06-26,6.6,6.7,6.5,6.6,66500.0
NCCBLMF1,2014-06-25,6.5,6.6,6.5,6.5,28000.0
NCCBLMF1,2014-06-24,6.5,6.5,6.5,6.5,51500.0
NCCBLMF1,2014-06-23,6.4,6.5,6.4,6.5,69000.0
NCCBLMF1,2014-06-22,6.5,6.5,6.4,6.4,109000.0
NCCBLMF1,2014-06-19,6.5,6.5,6.4,6.4,57000.0
NCCBLMF1,2014-06-18,6.5,6.6,6.5,6.5,28500.0
NCCBLMF1,2014-06-17,6.5,6.5,6.5,6.5,70000.0
NCCBLMF1,2014-06-16,6.7,6.7,6.5,6.6,137000.0
NCCBLMF1,2014-06-15,6.7,6.9,6.6,6.6,57500.0
NCCBLMF1,2014-06-11,5.9,5.9,5.7,5.7,86000.0
NCCBLMF1,2014-06-08,6.1,6.2,5.9,6.0,60500.0
NCCBLMF1,2014-06-07,6.6,6.7,6.6,6.6,18000.0
NCCBLMF1,2014-06-05,7.5,7.5,7.4,7.4,43000.0
NCCBLMF1,2014-06-04,7.8,7.8,7.7,7.7,162000.0
NCCBLMF1,2014-06-03,8.2,8.3,8.1,8.2,214000.0
NCCBLMF1,2014-06-02,9.7,9.7,9.4,9.5,3500.0
NCCBLMF1,2014-06-01,8.6,8.6,8.6,8.6,27000.0
NCCBLMF1,2014-05-29,6.9,6.9,6.9,6.9,2500.0
NCCBLMF1,2014-05-28,7.0,7.0,6.9,6.9,63500.0
NCCBLMF1,2014-05-27,7.0,7.1,6.9,6.9,19500.0
NCCBLMF1,2014-05-26,7.1,7.1,7.0,7.0,9000.0
NCCBLMF1,2014-05-25,7.1,7.1,7.1,7.1,1000.0
NCCBLMF1,2014-05-22,7.3,7.3,7.1,7.1,89500.0
NCCBLMF1,2014-05-21,7.2,7.3,7.2,7.2,29000.0
NCCBLMF1,2014-05-20,7.2,7.2,7.1,7.1,38500.0
NCCBLMF1,2014-05-19,7.3,7.3,7.2,7.2,99000.0
NCCBLMF1,2014-05-18,7.0,7.3,7.0,7.2,75500.0
NCCBLMF1,2014-05-15,7.3,7.3,7.2,7.2,40500.0
NCCBLMF1,2014-05-14,7.3,7.4,7.3,7.3,54500.0
NCCBLMF1,2014-05-11,6.1,6.1,5.7,5.7,241500.0
NCCBLMF1,2014-05-08,6.2,6.2,6.0,6.0,77000.0
NCCBLMF1,2014-05-06,6.7,6.7,6.7,6.7,1000.0
NCCBLMF1,2014-05-05,7.4,7.5,7.4,7.4,56500.0
NCCBLMF1,2014-05-03,8.3,8.4,8.0,8.2,262000.0
NCCBLMF1,2014-05-02,9.5,9.6,9.5,9.5,114000.0
NCCBLMF1,2014-04-30,7.5,7.5,7.4,7.4,53500.0
NCCBLMF1,2014-04-29,7.6,7.7,7.4,7.4,61500.0
NCCBLMF1,2014-04-28,7.5,7.7,7.5,7.5,138500.0
NCCBLMF1,2014-04-27,7.6,7.7,7.6,7.6,101000.0
NCCBLMF1,2014-04-24,7.7,7.7,7.5,7.6,203500.0
NCCBLMF1,2014-04-23,7.6,7.8,7.6,7.6,115500.0
NCCBLMF1,2014-04-22,7.6,7.6,7.5,7.5,39000.0
NCCBLMF1,2014-04-21,7.5,7.7,7.5,7.6,211000.0
NCCBLMF1,2014-04-20,7.5,7.6,7.4,7.4,71500.0
NCCBLMF1,2014-04-17,7.5,7.5,7.4,7.4,15000.0
NCCBLMF1,2014-04-16,7.4,7.6,7.4,7.4,42000.0
NCCBLMF1,2014-04-15,7.5,7.6,7.4,7.4,81500.0
NCCBLMF1,2014-04-13,7.5,7.5,7.5,7.5,10500.0
NCCBLMF1,2014-04-12,5.5,5.6,5.5,5.5,17000.0
NCCBLMF1,2014-04-09,5.6,5.6,5.5,5.5,65500.0
NCCBLMF1,2014-04-08,6.5,6.5,6.1,6.1,73500.0
NCCBLMF1,2014-04-06,6.7,6.7,6.6,6.6,26500.0
NCCBLMF1,2014-04-05,7.5,7.5,7.4,7.4,18500.0
NCCBLMF1,2014-04-03,8.5,8.5,8.0,8.0,190500.0
NCCBLMF1,2014-04-02,9.3,9.6,9.1,9.3,30000.0
NCCBLMF1,2014-03-31,8.5,8.5,7.7,7.7,124500.0
NCCBLMF1,2014-03-30,7.8,8.0,7.7,7.8,177500.0
NCCBLMF1,2014-03-27,7.8,7.9,7.7,7.8,236500.0
NCCBLMF1,2014-03-25,7.8,7.9,7.7,7.7,133000.0
NCCBLMF1,2014-03-24,7.9,7.9,7.7,7.7,127500.0
NCCBLMF1,2014-03-23,7.9,7.9,7.8,7.8,137000.0
NCCBLMF1,2014-03-20,7.9,8.0,7.8,7.9,152000.0
NCCBLMF1,2014-03-19,7.8,8.1,7.7,7.7,273000.0
NCCBLMF1,2014-03-18,8.0,8.0,7.8,7.8,118500.0
NCCBLMF1,2014-03-16,8.1,8.1,7.9,8.0,43000.0
NCCBLMF1,2014-03-13,7.9,8.4,7.8,8.1,212500.0
NCCBLMF1,2014-03-12,5.4,5.6,5.4,5.5,69500.0
NCCBLMF1,2014-03-11,6.0,6.1,5.8,5.8,85000.0
NCCBLMF1,2014-03-09,5.5,5.6,5.4,5.4,30000.0
NCCBLMF1,2014-03-08,6.1,6.3,6.1,6.2,18000.0
NCCBLMF1,2014-03-07,6.7,6.7,6.6,6.6,56000.0
NCCBLMF1,2014-03-06,6.7,6.8,6.6,6.7,24000.0
NCCBLMF1,2014-03-04,7.9,7.9,7.8,7.8,50000.0
NCCBLMF1,2014-03-03,8.6,8.8,8.2,8.4,285000.0
NCCBLMF1,2014-03-02,9.3,9.5,9.0,9.4,76000.0
NCCBLMF1,2014-02-27,8.9,9.5,8.6,8.9,890000.0
NCCBLMF1,2014-02-26,8.8,9.5,8.8,8.8,1289500.0
NCCBLMF1,2014-02-25,9.7,9.7,9.7,9.7,1500.0
NCCBLMF1,2014-02-23,10.5,10.8,10.4,10.7,1063000.0
NCCBLMF1,2014-02-20,11.0,11.1,10.2,10.4,1388000.0
NCCBLMF1,2014-02-19,11.3,11.8,10.9,11.0,2097500.0
NCCBLMF1,2014-02-18,11.2,11.4,11.0,11.2,1183500.0
NCCBLMF1,2014-02-17,11.2,11.2,10.8,11.1,912500.0
NCCBLMF1,2014-02-16,10.6,11.2,10.6,11.0,893500.0
NCCBLMF1,2014-02-13,11.0,11.2,10.4,10.5,1536500.0
NCCBLMF1,2014-02-12,5.5,5.5,5.4,5.4,65000.0
NCCBLMF1,2014-02-11,6.3,6.3,6.0,6.0,58500.0
NCCBLMF1,2014-02-10,5.7,5.8,5.6,5.6,99000.0
NCCBLMF1,2014-02-09,5.6,5.6,5.5,5.5,56000.0
NCCBLMF1,2014-02-07,6.7,6.7,6.6,6.6,14000.0
NCCBLMF1,2014-02-06,6.7,6.8,6.6,6.6,116500.0
NCCBLMF1,2014-02-04,7.8,8.0,7.8,7.8,261500.0
NCCBLMF1,2014-02-03,9.3,9.4,8.5,8.5,303000.0
NCCBLMF1,2014-02-02,9.6,9.6,9.1,9.5,107000.0
NCCBLMF1,2014-02-01,8.8,8.8,8.4,8.6,55500.0
NCCBLMF1,2014-01-30,9.4,9.4,9.0,9.3,18500.0
NCCBLMF1,2014-01-29,9.5,9.5,9.4,9.4,7500.0
NCCBLMF1,2014-01-27,9.5,9.6,9.4,9.4,35500.0
NCCBLMF1,2014-01-26,10.2,10.5,9.6,9.7,110000.0
NCCBLMF1,2014-01-23,9.6,9.8,9.6,9.6,26500.0
NCCBLMF1,2014-01-22,9.7,9.9,9.3,9.6,157000.0
NCCBLMF1,2014-01-21,9.7,9.9,9.7,9.7,57000.0
NCCBLMF1,2014-01-20,9.5,9.5,9.2,9.4,58000.0
NCCBLMF1,2014-01-19,9.1,9.4,9.0,9.2,145000.0
NCCBLMF1,2014-01-16,8.9,9.0,8.9,8.9,47500.0
NCCBLMF1,2014-01-15,8.7,8.9,8.7,8.8,39500.0
NCCBLMF1,2014-01-13,8.7,8.9,8.7,8.7,13000.0
NCCBLMF1,2014-01-12,5.5,5.6,5.4,5.4,50500.0
NCCBLMF1,2014-01-10,5.5,5.7,5.5,5.5,51500.0
NCCBLMF1,2014-01-09,5.5,5.6,5.4,5.5,34500.0
NCCBLMF1,2014-01-06,6.9,6.9,6.8,6.8,34500.0
NCCBLMF1,2014-01-04,7.8,7.9,7.8,7.8,23500.0
NCCBLMF1,2014-01-01,8.6,8.6,8.4,8.5,9500.0
NCCBLMF1,2013-12-30,8.6,8.8,8.5,8.5,73500.0
NCCBLMF1,2013-12-29,8.7,8.7,8.7,8.7,500.0
NCCBLMF1,2013-12-26,9.0,9.0,8.4,8.5,94000.0
NCCBLMF1,2013-12-24,9.0,9.0,8.2,8.4,65500.0
NCCBLMF1,2013-12-23,8.7,8.7,8.7,8.7,8000.0
NCCBLMF1,2013-12-22,8.5,8.9,8.5,8.8,93500.0
NCCBLMF1,2013-12-19,8.4,8.5,8.4,8.4,43000.0
NCCBLMF1,2013-12-18,8.9,8.9,8.4,8.4,11500.0
NCCBLMF1,2013-12-17,8.4,8.5,8.4,8.4,48500.0
NCCBLMF1,2013-12-15,8.3,8.3,8.2,8.2,51000.0
NCCBLMF1,2013-12-12,8.4,8.4,8.3,8.3,32500.0
NCCBLMF1,2013-12-11,9.8,9.8,8.8,8.9,44000.0
NCCBLMF1,2013-12-09,8.0,8.0,8.0,8.0,1000.0
NCCBLMF1,2013-12-08,9.0,9.0,8.8,8.9,13500.0
NCCBLMF1,2013-12-06,9.2,9.3,9.2,9.2,20500.0
NCCBLMF1,2013-12-05,9.1,9.3,9.1,9.1,9000.0
NCCBLMF1,2013-12-03,10.0,10.0,10.0,10.0,500.0
NCCBLMF1,2013-12-02,10.8,11.2,10.7,10.8,6500.0
NCCBLMF1,2013-11-28,8.6,8.6,8.2,8.2,27000.0
NCCBLMF1,2013-11-27,8.5,8.8,8.3,8.3,35000.0
NCCBLMF1,2013-11-26,8.5,8.9,8.3,8.6,46500.0
NCCBLMF1,2013-11-25,8.8,8.8,8.4,8.5,52500.0
NCCBLMF1,2013-11-24,8.8,8.8,8.5,8.6,25500.0
NCCBLMF1,2013-11-21,8.8,8.8,8.7,8.7,12500.0
NCCBLMF1,2013-11-20,9.0,9.0,8.7,8.7,55500.0
NCCBLMF1,2013-11-19,8.6,9.0,8.6,8.9,27500.0
NCCBLMF1,2013-11-18,8.9,8.9,8.5,8.7,24500.0
NCCBLMF1,2013-11-17,9.0,9.1,8.8,8.9,28000.0
NCCBLMF1,2013-11-14,9.0,9.0,8.9,8.9,10000.0
NCCBLMF1,2013-11-13,9.0,9.0,8.8,8.8,45000.0
NCCBLMF1,2013-11-12,8.4,8.5,8.2,8.2,55500.0
NCCBLMF1,2013-11-11,8.7,9.2,8.7,9.0,95500.0
NCCBLMF1,2013-11-09,8.5,8.5,7.7,8.1,41000.0
NCCBLMF1,2013-11-06,9.4,9.4,9.1,9.2,26500.0
NCCBLMF1,2013-11-03,9.5,9.7,9.5,9.6,3000.0
NCCBLMF1,2013-11-02,11.1,11.2,11.1,11.1,4000.0
NCCBLMF1,2013-10-31,8.6,8.6,8.1,8.2,31500.0
NCCBLMF1,2013-10-30,8.5,8.5,8.2,8.3,6500.0
NCCBLMF1,2013-10-29,8.3,8.6,8.3,8.3,32500.0
NCCBLMF1,2013-10-28,8.5,8.6,8.4,8.4,20000.0
NCCBLMF1,2013-10-27,8.4,8.5,8.4,8.4,5000.0
NCCBLMF1,2013-10-24,8.6,8.6,8.6,8.6,500.0
NCCBLMF1,2013-10-23,8.5,8.5,8.4,8.4,32000.0
NCCBLMF1,2013-10-22,8.8,8.8,8.5,8.5,22000.0
NCCBLMF1,2013-10-21,8.3,8.7,8.2,8.5,9000.0
NCCBLMF1,2013-10-20,8.8,8.8,8.5,8.7,13000.0
NCCBLMF1,2013-10-12,8.4,8.4,8.2,8.3,22000.0
NCCBLMF1,2013-10-11,8.7,8.9,8.6,8.7,51000.0
NCCBLMF1,2013-10-10,8.8,8.8,8.2,8.4,24000.0
NCCBLMF1,2013-10-09,7.8,7.8,7.8,7.8,1000.0
NCCBLMF1,2013-10-07,10.7,10.8,10.7,10.7,8500.0
NCCBLMF1,2013-10-06,9.0,9.3,9.0,9.2,29500.0
NCCBLMF1,2013-10-04,9.9,9.9,9.9,9.9,1500.0
NCCBLMF1,2013-10-03,9.8,9.8,9.7,9.7,8000.0
NCCBLMF1,2013-10-02,10.9,11.4,10.8,11.2,36000.0
NCCBLMF1,2013-09-30,9.9,9.9,9.5,9.5,20500.0
NCCBLMF1,2013-09-29,9.0,9.4,9.0,9.3,83000.0
NCCBLMF1,2013-09-26,8.5,8.7,8.5,8.6,26000.0
NCCBLMF1,2013-09-25,8.3,8.4,7.9,8.1,20500.0
NCCBLMF1,2013-09-24,8.0,8.0,7.9,7.9,13000.0
NCCBLMF1,2013-09-23,8.0,8.0,8.0,8.0,1000.0
NCCBLMF1,2013-09-22,8.5,8.5,8.0,8.4,3500.0
NCCBLMF1,2013-09-19,8.0,8.1,8.0,8.0,27000.0
NCCBLMF1,2013-09-18,7.9,8.1,7.9,8.0,1500.0
NCCBLMF1,2013-09-17,7.9,8.0,7.9,7.9,26500.0
NCCBLMF1,2013-09-15,7.9,7.9,7.9,7.9,500.0
NCCBLMF1,2013-09-12,8.3,8.4,8.1,8.1,39000.0
NCCBLMF1,2013-09-10,9.3,9.3,8.3,8.3,43000.0
NCCBLMF1,2013-09-09,7.4,8.0,7.4,7.8,2000.0
NCCBLMF1,2013-09-07,10.9,10.9,10.9,10.9,500.0
NCCBLMF1,2013-09-06,9.2,9.2,8.8,9.0,27000.0
NCCBLMF1,2013-09-05,9.1,9.3,9.0,9.1,17000.0
NCCBLMF1,2013-09-04,10.0,10.1,9.8,9.9,5000.0
NCCBLMF1,2013-09-01,12.8,12.8,11.6,12.2,40000.0
NCCBLMF1,2013-08-29,8.7,8.7,8.7,8.7,500.0
NCCBLMF1,2013-08-27,9.3,9.3,8.9,8.9,52000.0
NCCBLMF1,2013-08-26,9.0,9.0,9.0,9.0,500.0
NCCBLMF1,2013-08-25,9.1,9.1,8.8,8.9,7500.0
NCCBLMF1,2013-08-22,8.7,9.3,8.7,9.0,15500.0
NCCBLMF1,2013-08-21,8.5,8.5,8.4,8.4,2000.0
NCCBLMF1,2013-08-20,9.0,9.3,8.9,9.0,32500.0
NCCBLMF1,2013-08-19,9.0,9.3,9.0,9.2,112500.0
NCCBLMF1,2013-08-18,8.6,8.6,8.6,8.6,33000.0
NCCBLMF1,2013-08-14,9.0,9.9,8.9,9.4,19000.0
NCCBLMF1,2013-08-13,9.4,9.4,9.4,9.4,1000.0
NCCBLMF1,2013-08-12,8.2,8.4,8.2,8.2,43000.0
NCCBLMF1,2013-08-10,9.9,9.9,8.7,9.2,114500.0
NCCBLMF1,2013-08-09,8.0,8.0,7.7,7.7,24000.0
NCCBLMF1,2013-08-07,10.8,10.8,10.7,10.7,12500.0
NCCBLMF1,2013-08-05,9.0,9.0,9.0,9.0,500.0
NCCBLMF1,2013-08-04,9.5,10.0,9.5,9.9,6000.0
NCCBLMF1,2013-08-01,12.0,12.0,11.8,11.9,16000.0
NCCBLMF1,2013-07-31,9.0,9.9,9.0,9.4,1000.0
NCCBLMF1,2013-07-30,10.7,10.7,9.8,10.0,21000.0
NCCBLMF1,2013-07-29,10.7,10.9,10.7,10.8,1500.0
NCCBLMF1,2013-07-28,10.6,10.6,10.5,10.5,4000.0
NCCBLMF1,2013-07-25,11.4,11.9,10.0,11.1,68000.0
NCCBLMF1,2013-07-24,10.8,11.2,10.7,10.9,68000.0
NCCBLMF1,2013-07-23,10.8,10.8,10.8,10.8,1500.0
NCCBLMF1,2013-07-16,11.0,11.0,11.0,11.0,500.0
NCCBLMF1,2013-07-11,8.4,8.8,8.4,8.6,37500.0
NCCBLMF1,2013-07-10,11.0,11.0,9.1,9.6,20000.0
NCCBLMF1,2013-07-07,10.9,11.0,10.9,10.9,24500.0
NCCBLMF1,2013-07-04,9.6,9.6,9.5,9.5,5000.0
NCCBLMF1,2013-07-03,9.7,10.2,9.7,10.0,10500.0
NCCBLMF1,2013-07-02,11.4,11.5,10.9,10.9,23000.0
NCCBLMF1,2013-06-30,10.3,10.3,10.3,10.3,5000.0
NCCBLMF1,2013-06-27,10.5,10.5,10.3,10.3,6500.0
NCCBLMF1,2013-06-26,10.7,10.7,10.4,10.5,3000.0
NCCBLMF1,2013-06-24,10.4,10.7,10.4,10.6,31500.0
NCCBLMF1,2013-06-23,10.1,10.6,10.1,10.3,24500.0
NCCBLMF1,2013-06-20,11.1,11.2,10.3,10.5,22500.0
NCCBLMF1,2013-06-19,10.5,10.9,10.5,10.5,16500.0
NCCBLMF1,2013-06-18,11.0,11.1,10.9,11.0,35500.0
NCCBLMF1,2013-06-17,10.0,10.4,10.0,10.1,35000.0
NCCBLMF1,2013-06-16,9.6,10.0,9.6,9.8,54000.0
NCCBLMF1,2013-06-13,9.3,9.5,9.3,9.3,18000.0
NCCBLMF1,2013-06-11,8.3,8.4,8.1,8.1,61000.0
NCCBLMF1,2013-06-10,11.0,11.0,9.9,10.0,11000.0
NCCBLMF1,2013-06-06,9.0,9.4,9.0,9.2,20500.0
NCCBLMF1,2013-06-03,10.5,10.5,9.8,10.0,1500.0
NCCBLMF1,2013-06-02,11.0,11.0,10.9,10.9,10500.0
NCCBLMF1,2013-06-01,12.0,12.0,12.0,12.0,2000.0
NCCBLMF1,2013-05-30,9.1,9.1,9.0,9.0,29500.0
NCCBLMF1,2013-05-29,9.0,9.1,9.0,9.0,9500.0
NCCBLMF1,2013-05-28,9.0,9.0,8.8,8.9,11500.0
NCCBLMF1,2013-05-27,8.9,8.9,8.9,8.9,500.0
NCCBLMF1,2013-05-26,8.5,8.5,8.4,8.4,4000.0
NCCBLMF1,2013-05-22,8.6,9.3,8.3,8.7,52000.0
NCCBLMF1,2013-05-21,8.7,8.7,8.6,8.6,1500.0
NCCBLMF1,2013-05-20,9.2,9.2,9.0,9.0,23000.0
NCCBLMF1,2013-05-19,9.3,9.3,9.0,9.1,10500.0
NCCBLMF1,2013-05-16,9.6,9.6,9.0,9.3,19500.0
NCCBLMF1,2013-05-14,9.5,9.5,9.2,9.3,4500.0
NCCBLMF1,2013-05-13,9.1,9.1,9.1,9.1,500.0
NCCBLMF1,2013-05-12,8.2,8.6,8.2,8.2,20000.0
NCCBLMF1,2013-05-11,8.5,8.6,8.1,8.1,50000.0
NCCBLMF1,2013-05-09,8.1,8.1,8.0,8.0,1500.0
NCCBLMF1,2013-05-08,9.6,9.7,9.0,9.2,6000.0
NCCBLMF1,2013-05-06,9.3,9.3,8.9,8.9,11500.0
NCCBLMF1,2013-05-05,9.0,9.0,9.0,9.0,17000.0
NCCBLMF1,2013-05-03,10.2,10.2,10.0,10.0,6000.0
NCCBLMF1,2013-05-02,11.4,11.4,10.8,11.0,3000.0
NCCBLMF1,2013-04-30,9.3,9.3,9.3,9.3,500.0
NCCBLMF1,2013-04-29,8.9,8.9,8.8,8.8,1000.0
NCCBLMF1,2013-04-25,8.7,9.4,8.7,9.1,2000.0
NCCBLMF1,2013-04-24,9.3,9.3,8.8,9.0,9500.0
NCCBLMF1,2013-04-21,9.4,9.4,9.3,9.3,1000.0
NCCBLMF1,2013-04-18,9.6,9.8,9.5,9.6,8000.0
NCCBLMF1,2013-04-17,9.7,9.7,9.5,9.5,3000.0
NCCBLMF1,2013-04-16,9.6,9.6,9.5,9.5,1000.0
NCCBLMF1,2013-04-15,9.6,9.6,9.5,9.5,3000.0
NCCBLMF1,2013-04-12,8.5,8.5,8.4,8.4,7500.0
NCCBLMF1,2013-04-11,8.3,8.3,8.1,8.1,33500.0
NCCBLMF1,2013-04-09,8.8,8.8,7.8,8.1,8000.0
NCCBLMF1,2013-04-08,9.0,9.7,9.0,9.2,6000.0
NCCBLMF1,2013-04-07,10.4,10.7,10.4,10.5,4500.0
NCCBLMF1,2013-04-06,9.0,9.0,8.8,8.9,12000.0
NCCBLMF1,2013-04-04,9.7,9.9,9.6,9.7,2000.0
NCCBLMF1,2013-04-03,10.4,10.4,10.0,10.2,16000.0
NCCBLMF1,2013-04-02,11.2,11.2,10.8,10.9,4000.0
NCCBLMF1,2013-03-31,10.1,10.3,9.6,10.1,26000.0
NCCBLMF1,2013-03-28,9.9,9.9,9.6,9.7,2000.0
NCCBLMF1,2013-03-27,9.5,10.0,9.4,9.5,4000.0
NCCBLMF1,2013-03-20,10.6,10.6,9.8,10.0,2000.0
NCCBLMF1,2013-03-19,10.0,10.0,10.0,10.0,500.0
NCCBLMF1,2013-03-14,10.6,10.6,9.8,10.0,2500.0
NCCBLMF1,2013-03-13,10.0,10.0,9.9,9.9,1500.0
NCCBLMF1,2013-03-12,8.4,8.4,8.2,8.2,29000.0
NCCBLMF1,2013-03-11,8.7,8.7,8.0,8.0,35500.0
NCCBLMF1,2013-03-10,10.4,10.6,10.2,10.3,283000.0
NCCBLMF1,2013-03-07,10.8,10.8,10.5,10.5,6000.0
NCCBLMF1,2013-03-06,9.1,9.1,8.9,9.0,39500.0
NCCBLMF1,2013-03-04,9.7,9.7,9.6,9.6,1500.0
NCCBLMF1,2013-03-03,9.8,9.8,9.6,9.6,5500.0
NCCBLMF1,2013-03-02,10.4,11.0,10.4,10.8,6000.0
NCCBLMF1,2013-03-01,12.0,12.4,11.9,12.0,24500.0
NCCBLMF1,2013-02-28,10.1,10.1,10.0,10.0,9500.0
NCCBLMF1,2013-02-27,10.3,10.3,10.1,10.2,2500.0
NCCBLMF1,2013-02-26,10.3,10.5,10.3,10.4,7000.0
NCCBLMF1,2013-02-25,10.4,10.4,10.4,10.4,500.0
NCCBLMF1,2013-02-20,10.4,10.6,10.0,10.2,18500.0
NCCBLMF1,2013-02-19,11.0,11.1,11.0,11.0,1000.0
NCCBLMF1,2013-02-18,10.7,10.7,10.5,10.5,3000.0
NCCBLMF1,2013-02-17,10.9,10.9,10.4,10.7,8500.0
NCCBLMF1,2013-02-14,10.9,10.9,10.8,10.8,2000.0
NCCBLMF1,2013-02-12,8.1,8.3,8.1,8.2,4000.0
NCCBLMF1,2013-02-10,11.0,11.1,10.2,10.4,484000.0
NCCBLMF1,2013-02-09,8.8,8.8,8.7,8.7,1000.0
NCCBLMF1,2013-02-07,10.5,10.5,10.5,10.5,500.0
NCCBLMF1,2013-02-06,8.5,9.4,8.5,9.1,28000.0
NCCBLMF1,2013-02-05,9.0,9.0,9.0,9.0,500.0
NCCBLMF1,2013-02-04,9.9,9.9,9.9,9.9,500.0
NCCBLMF1,2013-02-01,11.7,11.7,11.2,11.3,14500.0
NCCBLMF1,2013-01-31,10.8,11.0,10.8,10.8,18500.0
NCCBLMF1,2013-01-30,11.0,11.0,10.9,10.9,7000.0
NCCBLMF1,2013-01-29,10.9,11.2,10.8,11.0,19000.0
NCCBLMF1,2013-01-28,10.8,11.1,10.7,10.8,2000.0
NCCBLMF1,2013-01-27,11.3,11.3,11.3,11.3,1000.0
NCCBLMF1,2013-01-24,11.9,11.9,11.9,11.9,1000.0
NCCBLMF1,2013-01-23,11.8,11.8,10.7,11.0,16000.0
NCCBLMF1,2013-01-22,12.1,12.2,11.4,11.5,18000.0
NCCBLMF1,2013-01-21,12.4,12.4,11.6,12.3,22000.0
NCCBLMF1,2013-01-20,11.4,11.4,11.4,11.4,500.0
NCCBLMF1,2013-01-16,11.5,11.5,11.5,11.5,500.0
NCCBLMF1,2013-01-15,11.6,11.9,11.4,11.5,5500.0
NCCBLMF1,2013-01-12,8.5,8.5,8.2,8.2,10500.0
NCCBLMF1,2013-01-10,8.7,10.4,8.7,10.1,130000.0
NCCBLMF1,2013-01-09,8.6,8.6,8.6,8.6,2000.0
NCCBLMF1,2013-01-08,9.4,9.7,9.4,9.5,14500.0
NCCBLMF1,2013-01-04,9.5,10.1,9.4,9.8,4000.0
NCCBLMF1,2013-01-01,11.6,11.9,11.5,11.7,2500.0
NCCBLMF1,2012-12-30,12.3,12.3,11.5,11.9,7000.0
NCCBLMF1,2012-12-27,11.4,11.8,11.4,11.6,7000.0
NCCBLMF1,2012-12-26,11.5,11.9,11.4,11.5,3500.0
NCCBLMF1,2012-12-24,11.3,12.0,11.3,11.8,18000.0
NCCBLMF1,2012-12-23,11.3,11.9,11.3,11.5,1500.0
NCCBLMF1,2012-12-20,11.8,12.2,11.8,11.9,1500.0
NCCBLMF1,2012-12-19,11.6,12.2,11.3,11.8,32000.0
NCCBLMF1,2012-12-18,12.3,12.3,11.7,11.8,3000.0
NCCBLMF1,2012-12-17,11.9,11.9,11.6,11.7,4000.0
NCCBLMF1,2012-12-13,12.2,12.2,12.2,12.2,1500.0
NCCBLMF1,2012-12-12,12.8,12.9,11.5,11.9,31500.0
NCCBLMF1,2012-12-11,12.0,12.0,11.6,11.7,12000.0
NCCBLMF1,2012-11-29,12.8,12.8,12.1,12.2,64000.0
NCCBLMF1,2012-11-28,11.9,11.9,11.9,11.9,1500.0
NCCBLMF1,2012-11-27,11.8,12.2,11.8,11.9,1500.0
NCCBLMF1,2012-11-26,12.2,12.2,11.9,12.0,70500.0
NCCBLMF1,2012-11-22,12.3,12.5,12.0,12.1,22500.0
NCCBLMF1,2012-11-21,12.5,12.5,12.0,12.1,1500.0
NCCBLMF1,2012-11-20,12.4,12.4,11.7,11.9,17500.0
NCCBLMF1,2012-11-19,11.4,12.1,11.4,11.9,2000.0
NCCBLMF1,2012-11-18,12.0,12.4,11.8,12.1,21500.0
NCCBLMF1,2012-11-15,11.7,12.2,11.6,12.0,78000.0
NCCBLMF1,2012-11-14,11.6,11.7,11.6,11.6,4500.0
NCCBLMF1,2012-11-13,11.6,11.6,11.6,11.6,1000.0
NCCBLMF1,2012-11-12,11.1,12.1,11.1,11.8,4000.0
NCCBLMF1,2012-11-11,12.4,12.5,11.6,12.0,25500.0
NCCBLMF1,2012-11-10,12.8,12.8,12.6,12.7,1500.0
NCCBLMF1,2012-10-31,12.4,12.5,12.0,12.2,13500.0
NCCBLMF1,2012-10-30,12.3,12.3,12.3,12.3,2500.0
NCCBLMF1,2012-10-23,12.5,12.5,11.6,12.0,7000.0
NCCBLMF1,2012-10-22,12.0,12.8,12.0,12.5,20000.0
NCCBLMF1,2012-10-18,11.2,12.9,11.2,12.5,13000.0
NCCBLMF1,2012-10-17,12.5,12.5,12.0,12.3,3000.0
NCCBLMF1,2012-10-16,12.7,12.7,12.0,12.4,25000.0
NCCBLMF1,2012-10-15,13.6,13.6,12.1,12.6,89000.0
NCCBLMF1,2012-10-14,13.4,13.4,12.8,12.9,7500.0
NCCBLMF1,2012-10-12,11.0,11.0,11.0,11.0,7000.0
NCCBLMF1,2012-10-10,13.0,13.0,11.7,12.0,16500.0
NCCBLMF1,2012-10-09,11.0,11.0,11.0,11.0,500.0
NCCBLMF1,2012-09-30,12.0,12.0,12.0,12.0,500.0
NCCBLMF1,2012-09-25,11.0,11.0,11.0,11.0,2000.0
NCCBLMF1,2012-09-12,11.8,12.3,11.3,12.0,25500.0
NCCBLMF1,2012-09-10,12.9,13.0,12.5,12.8,46000.0
NCCBLMF1,2012-08-29,11.0,11.0,11.0,11.0,500.0
NCCBLMF1,2012-08-11,11.5,11.9,11.5,11.6,3500.0
NCCBLMF1,2012-08-10,12.5,12.5,12.5,12.5,3000.0
NCCBLMF1,2012-07-26,10.5,10.5,10.5,10.5,500.0
NCCBLMF1,2012-07-11,12.0,12.0,11.6,11.7,3000.0
NCCBLMF1,2012-07-10,13.0,13.0,12.0,12.0,180000.0
NCCBLMF1,2012-06-28,10.3,10.3,10.3,10.3,500.0
NCCBLMF1,2012-06-27,10.1,10.4,10.1,10.2,2000.0
NCCBLMF1,2012-06-12,13.0,13.0,12.1,12.1,30500.0
NCCBLMF1,2012-06-11,11.5,11.9,11.5,11.5,7000.0
NCCBLMF1,2012-05-30,10.1,10.1,10.1,10.1,500.0
NCCBLMF1,2012-05-29,10.1,10.1,10.1,10.1,500.0
NCCBLMF1,2012-05-28,10.1,10.1,10.1,10.1,500.0
NCCBLMF1,2012-05-27,10.2,10.2,10.1,10.1,74500.0
NCCBLMF1,2012-05-24,12.0,12.0,10.1,10.2,102000.0
NCCBLMF1,2012-05-12,12.3,12.8,12.3,12.3,3500.0
NCCBLMF1,2012-05-08,10.0,10.0,10.0,10.0,500.0
NCCBLMF1,2012-04-12,12.9,13.0,12.6,12.8,32500.0
NCCBLMF1,2012-04-11,11.8,11.8,11.8,11.8,500.0
NCCBLMF1,2012-04-10,12.5,12.9,12.3,12.6,41000.0
NCCBLMF1,2012-03-12,12.2,12.2,12.2,12.2,8000.0
NCCBLMF1,2012-03-10,13.2,13.2,11.9,12.7,231500.0
NCCBLMF1,2012-02-12,12.2,12.5,11.9,12.0,37500.0
NCCBLMF1,2012-02-10,12.1,12.1,12.0,12.0,12500.0
NCCBLMF1,2012-01-11,12.0,12.0,11.1,11.3,29500.0
NCCBLMF1,2012-01-10,12.0,12.0,12.0,12.0,11000.0
NCCBLMF1,2012-01-10,12.0,12.0,12.0,12.0,11000.0
